-228.0, -72.0
-228.0, -70.5
-228.0, -46.5
-228.0, 33.0
-228.0, 34.5
-226.5, -72.0
-226.5, -70.5
-226.5, -46.5
-226.5, 33.0
-226.5, 34.5
-225.0, -72.0
-225.0, -70.5
-225.0, -46.5
-225.0, 33.0
-225.0, 34.5
-223.5, -72.0
-223.5, -70.5
-223.5, -46.5
-223.5, 33.0
-223.5, 34.5
-222.0, -72.0
-222.0, -70.5
-222.0, -46.5
-222.0, 33.0
-222.0, 34.5
-220.5, -72.0
-220.5, -70.5
-220.5, -46.5
-220.5, 33.0
-220.5, 34.5
-219.0, -72.0
-219.0, -70.5
-219.0, -46.5
-219.0, 33.0
-219.0, 34.5
-217.5, -72.0
-217.5, -70.5
-217.5, -46.5
-217.5, 33.0
-217.5, 34.5
-216.0, -72.0
-216.0, -70.5
-216.0, -46.5
-216.0, 33.0
-216.0, 34.5
-214.5, -72.0
-214.5, -70.5
-214.5, -46.5
-214.5, 33.0
-214.5, 34.5
-213.0, -72.0
-213.0, -70.5
-213.0, -46.5
-213.0, 33.0
-213.0, 34.5
-211.5, -72.0
-211.5, -70.5
-211.5, -46.5
-211.5, 33.0
-211.5, 34.5
-210.0, -72.0
-210.0, -70.5
-210.0, -46.5
-210.0, 33.0
-210.0, 34.5
-208.5, -72.0
-208.5, -70.5
-208.5, -46.5
-208.5, 33.0
-208.5, 34.5
-207.0, -72.0
-207.0, -70.5
-207.0, -46.5
-207.0, 33.0
-207.0, 34.5
-205.5, -72.0
-205.5, -70.5
-205.5, -46.5
-205.5, 33.0
-205.5, 34.5
-204.0, -72.0
-204.0, -70.5
-204.0, -46.5
-204.0, 33.0
-204.0, 34.5
-204.0, 36.0
-202.5, -72.0
-202.5, -70.5
-202.5, -46.5
-202.5, 33.0
-202.5, 34.5
-202.5, 36.0
-202.5, 37.5
-202.5, 39.0
-202.5, 40.5
-202.5, 42.0
-202.5, 43.5
-202.5, 45.0
-202.5, 46.5
-202.5, 48.0
-202.5, 49.5
-202.5, 51.0
-202.5, 52.5
-202.5, 54.0
-202.5, 55.5
-202.5, 57.0
-202.5, 58.5
-202.5, 60.0
-202.5, 61.5
-202.5, 63.0
-202.5, 64.5
-202.5, 66.0
-202.5, 67.5
-202.5, 69.0
-202.5, 70.5
-202.5, 72.0
-202.5, 73.5
-202.5, 75.0
-202.5, 76.5
-202.5, 78.0
-202.5, 79.5
-202.5, 81.0
-202.5, 82.5
-202.5, 84.0
-202.5, 85.5
-202.5, 87.0
-202.5, 88.5
-202.5, 90.0
-202.5, 91.5
-202.5, 93.0
-202.5, 94.5
-202.5, 96.0
-202.5, 97.5
-202.5, 99.0
-202.5, 100.5
-202.5, 102.0
-202.5, 103.5
-202.5, 105.0
-202.5, 106.5
-202.5, 108.0
-202.5, 109.5
-202.5, 111.0
-202.5, 112.5
-202.5, 114.0
-202.5, 115.5
-202.5, 117.0
-202.5, 118.5
-202.5, 120.0
-202.5, 121.5
-202.5, 123.0
-202.5, 124.5
-202.5, 126.0
-202.5, 127.5
-202.5, 129.0
-202.5, 130.5
-201.0, -72.0
-201.0, -70.5
-201.0, -46.5
-201.0, 33.0
-201.0, 34.5
-201.0, 36.0
-201.0, 67.5
-201.0, 69.0
-201.0, 70.5
-199.5, -72.0
-199.5, -70.5
-199.5, -46.5
-199.5, 33.0
-199.5, 34.5
-199.5, 69.0
-198.0, -72.0
-198.0, -70.5
-198.0, -46.5
-198.0, 33.0
-198.0, 34.5
-198.0, 69.0
-196.5, -72.0
-196.5, -70.5
-196.5, -46.5
-196.5, 33.0
-196.5, 34.5
-196.5, 69.0
-195.0, -72.0
-195.0, -70.5
-195.0, -46.5
-195.0, 33.0
-195.0, 34.5
-195.0, 69.0
-193.5, -72.0
-193.5, -70.5
-193.5, -46.5
-193.5, 33.0
-193.5, 34.5
-193.5, 69.0
-192.0, -72.0
-192.0, -70.5
-192.0, -46.5
-192.0, 33.0
-192.0, 34.5
-192.0, 69.0
-190.5, -72.0
-190.5, -70.5
-190.5, -46.5
-190.5, 33.0
-190.5, 34.5
-190.5, 69.0
-189.0, -72.0
-189.0, -70.5
-189.0, -46.5
-189.0, 33.0
-189.0, 34.5
-189.0, 69.0
-187.5, -72.0
-187.5, -70.5
-187.5, -46.5
-187.5, 33.0
-187.5, 34.5
-187.5, 69.0
-186.0, -72.0
-186.0, -70.5
-186.0, -46.5
-186.0, 33.0
-186.0, 34.5
-186.0, 69.0
-184.5, -72.0
-184.5, -70.5
-184.5, -46.5
-184.5, 33.0
-184.5, 34.5
-184.5, 69.0
-183.0, -72.0
-183.0, -70.5
-183.0, -46.5
-183.0, 33.0
-183.0, 34.5
-183.0, 69.0
-181.5, -72.0
-181.5, -70.5
-181.5, -46.5
-181.5, 33.0
-181.5, 34.5
-181.5, 69.0
-180.0, -72.0
-180.0, -70.5
-180.0, -46.5
-180.0, 33.0
-180.0, 34.5
-180.0, 69.0
-178.5, -72.0
-178.5, -70.5
-178.5, -46.5
-178.5, 33.0
-178.5, 34.5
-178.5, 69.0
-177.0, -72.0
-177.0, -70.5
-177.0, -46.5
-177.0, 33.0
-177.0, 34.5
-177.0, 69.0
-175.5, -72.0
-175.5, -70.5
-175.5, -46.5
-175.5, 33.0
-175.5, 34.5
-175.5, 69.0
-174.0, -72.0
-174.0, -70.5
-174.0, -46.5
-174.0, 33.0
-174.0, 34.5
-174.0, 69.0
-172.5, -72.0
-172.5, -70.5
-172.5, -46.5
-172.5, 33.0
-172.5, 34.5
-172.5, 69.0
-171.0, -72.0
-171.0, -70.5
-171.0, -46.5
-171.0, 33.0
-171.0, 34.5
-171.0, 69.0
-169.5, -72.0
-169.5, -70.5
-169.5, -46.5
-169.5, 33.0
-169.5, 34.5
-169.5, 69.0
-168.0, -72.0
-168.0, -70.5
-168.0, -46.5
-168.0, 33.0
-168.0, 34.5
-168.0, 69.0
-166.5, -72.0
-166.5, -70.5
-166.5, -46.5
-166.5, 33.0
-166.5, 34.5
-166.5, 69.0
-165.0, -72.0
-165.0, -70.5
-165.0, -46.5
-165.0, 33.0
-165.0, 34.5
-165.0, 69.0
-163.5, -72.0
-163.5, -70.5
-163.5, -46.5
-163.5, 33.0
-163.5, 34.5
-163.5, 69.0
-162.0, -72.0
-162.0, -70.5
-162.0, -46.5
-162.0, 33.0
-162.0, 34.5
-162.0, 69.0
-160.5, -72.0
-160.5, -70.5
-160.5, -46.5
-160.5, 33.0
-160.5, 34.5
-160.5, 69.0
-159.0, -72.0
-159.0, -70.5
-159.0, -46.5
-159.0, 33.0
-159.0, 34.5
-159.0, 69.0
-157.5, -72.0
-157.5, -70.5
-157.5, -46.5
-157.5, 33.0
-157.5, 34.5
-157.5, 69.0
-156.0, -72.0
-156.0, -70.5
-156.0, -46.5
-156.0, 33.0
-156.0, 34.5
-156.0, 69.0
-154.5, -73.5
-154.5, -72.0
-154.5, -70.5
-154.5, -69.0
-154.5, -48.0
-154.5, -46.5
-154.5, -45.0
-154.5, 31.5
-154.5, 33.0
-154.5, 34.5
-154.5, 69.0
-153.0, -130.5
-153.0, -129.0
-153.0, -127.5
-153.0, -126.0
-153.0, -124.5
-153.0, -123.0
-153.0, -121.5
-153.0, -120.0
-153.0, -118.5
-153.0, -117.0
-153.0, -115.5
-153.0, -114.0
-153.0, -112.5
-153.0, -111.0
-153.0, -109.5
-153.0, -108.0
-153.0, -106.5
-153.0, -105.0
-153.0, -103.5
-153.0, -102.0
-153.0, -100.5
-153.0, -99.0
-153.0, -97.5
-153.0, -96.0
-153.0, -94.5
-153.0, -93.0
-153.0, -91.5
-153.0, -90.0
-153.0, -88.5
-153.0, -87.0
-153.0, -85.5
-153.0, -84.0
-153.0, -82.5
-153.0, -81.0
-153.0, -79.5
-153.0, -78.0
-153.0, -76.5
-153.0, -75.0
-153.0, -73.5
-153.0, -72.0
-153.0, -70.5
-153.0, -69.0
-153.0, -67.5
-153.0, -66.0
-153.0, -64.5
-153.0, -63.0
-153.0, -61.5
-153.0, -60.0
-153.0, -58.5
-153.0, -57.0
-153.0, -55.5
-153.0, -54.0
-153.0, -52.5
-153.0, -51.0
-153.0, -49.5
-153.0, -48.0
-153.0, -46.5
-153.0, -45.0
-153.0, -43.5
-153.0, -42.0
-153.0, -40.5
-153.0, -39.0
-153.0, -37.5
-153.0, -36.0
-153.0, -34.5
-153.0, -33.0
-153.0, -31.5
-153.0, -30.0
-153.0, -28.5
-153.0, -27.0
-153.0, -25.5
-153.0, -24.0
-153.0, -22.5
-153.0, -21.0
-153.0, -19.5
-153.0, -18.0
-153.0, -16.5
-153.0, -15.0
-153.0, -13.5
-153.0, -12.0
-153.0, -10.5
-153.0, -9.0
-153.0, -7.5
-153.0, -6.0
-153.0, -4.5
-153.0, -3.0
-153.0, -1.5
-153.0, 0.0
-153.0, 1.5
-153.0, 3.0
-153.0, 4.5
-153.0, 6.0
-153.0, 7.5
-153.0, 9.0
-153.0, 10.5
-153.0, 12.0
-153.0, 13.5
-153.0, 15.0
-153.0, 16.5
-153.0, 18.0
-153.0, 19.5
-153.0, 21.0
-153.0, 22.5
-153.0, 24.0
-153.0, 25.5
-153.0, 27.0
-153.0, 28.5
-153.0, 30.0
-153.0, 31.5
-153.0, 33.0
-153.0, 34.5
-153.0, 69.0
-151.5, -130.5
-151.5, -129.0
-151.5, -127.5
-151.5, -126.0
-151.5, -124.5
-151.5, -123.0
-151.5, -121.5
-151.5, -120.0
-151.5, -118.5
-151.5, -117.0
-151.5, -115.5
-151.5, -114.0
-151.5, -112.5
-151.5, -111.0
-151.5, -109.5
-151.5, -108.0
-151.5, -106.5
-151.5, -105.0
-151.5, -103.5
-151.5, -102.0
-151.5, -100.5
-151.5, -99.0
-151.5, -97.5
-151.5, -96.0
-151.5, -19.5
-151.5, -18.0
-151.5, -16.5
-151.5, 31.5
-151.5, 33.0
-151.5, 34.5
-151.5, 69.0
-150.0, -106.5
-150.0, -105.0
-150.0, -103.5
-150.0, -102.0
-150.0, -100.5
-150.0, -99.0
-150.0, -97.5
-150.0, -18.0
-150.0, 33.0
-150.0, 34.5
-150.0, 69.0
-148.5, -105.0
-148.5, -103.5
-148.5, -97.5
-148.5, -18.0
-148.5, 33.0
-148.5, 34.5
-148.5, 69.0
-147.0, -105.0
-147.0, -97.5
-147.0, -96.0
-147.0, -18.0
-147.0, 33.0
-147.0, 34.5
-147.0, 69.0
-145.5, -106.5
-145.5, -105.0
-145.5, -96.0
-145.5, -18.0
-145.5, 33.0
-145.5, 34.5
-145.5, 69.0
-144.0, -108.0
-144.0, -106.5
-144.0, -96.0
-144.0, -94.5
-144.0, -18.0
-144.0, 33.0
-144.0, 34.5
-144.0, 69.0
-142.5, -108.0
-142.5, -106.5
-142.5, -94.5
-142.5, -18.0
-142.5, 33.0
-142.5, 34.5
-142.5, 69.0
-141.0, -109.5
-141.0, -108.0
-141.0, -94.5
-141.0, -93.0
-141.0, -18.0
-141.0, 33.0
-141.0, 34.5
-141.0, 69.0
-139.5, -109.5
-139.5, -93.0
-139.5, -18.0
-139.5, 33.0
-139.5, 34.5
-139.5, 36.0
-139.5, 67.5
-139.5, 69.0
-139.5, 70.5
-138.0, -111.0
-138.0, -109.5
-138.0, -93.0
-138.0, -91.5
-138.0, -18.0
-138.0, 33.0
-138.0, 34.5
-138.0, 36.0
-138.0, 37.5
-138.0, 39.0
-138.0, 40.5
-138.0, 42.0
-138.0, 43.5
-138.0, 45.0
-138.0, 46.5
-138.0, 48.0
-138.0, 49.5
-138.0, 51.0
-138.0, 52.5
-138.0, 54.0
-138.0, 55.5
-138.0, 57.0
-138.0, 58.5
-138.0, 60.0
-138.0, 61.5
-138.0, 63.0
-138.0, 64.5
-138.0, 66.0
-138.0, 67.5
-138.0, 69.0
-138.0, 70.5
-138.0, 72.0
-138.0, 73.5
-138.0, 75.0
-138.0, 76.5
-138.0, 78.0
-138.0, 79.5
-138.0, 81.0
-138.0, 82.5
-138.0, 84.0
-138.0, 85.5
-138.0, 87.0
-138.0, 88.5
-138.0, 90.0
-138.0, 91.5
-138.0, 93.0
-138.0, 94.5
-138.0, 96.0
-138.0, 97.5
-138.0, 99.0
-138.0, 100.5
-138.0, 102.0
-138.0, 103.5
-138.0, 105.0
-138.0, 106.5
-138.0, 108.0
-138.0, 109.5
-138.0, 111.0
-138.0, 112.5
-138.0, 114.0
-138.0, 115.5
-138.0, 117.0
-138.0, 118.5
-138.0, 120.0
-138.0, 121.5
-138.0, 123.0
-138.0, 124.5
-138.0, 126.0
-138.0, 127.5
-138.0, 129.0
-138.0, 130.5
-136.5, -112.5
-136.5, -111.0
-136.5, -91.5
-136.5, -18.0
-136.5, 33.0
-136.5, 34.5
-136.5, 36.0
-136.5, 70.5
-136.5, 72.0
-136.5, 73.5
-136.5, 108.0
-136.5, 109.5
-136.5, 111.0
-135.0, -112.5
-135.0, -111.0
-135.0, -91.5
-135.0, -90.0
-135.0, -18.0
-135.0, 33.0
-135.0, 34.5
-135.0, 72.0
-135.0, 109.5
-133.5, -114.0
-133.5, -112.5
-133.5, -90.0
-133.5, -18.0
-133.5, 33.0
-133.5, 34.5
-133.5, 72.0
-133.5, 109.5
-132.0, -115.5
-132.0, -114.0
-132.0, -90.0
-132.0, -88.5
-132.0, -18.0
-132.0, 33.0
-132.0, 34.5
-132.0, 72.0
-132.0, 109.5
-130.5, -115.5
-130.5, -114.0
-130.5, -88.5
-130.5, -18.0
-130.5, 33.0
-130.5, 34.5
-130.5, 72.0
-130.5, 109.5
-129.0, -117.0
-129.0, -115.5
-129.0, -88.5
-129.0, -87.0
-129.0, -18.0
-129.0, 33.0
-129.0, 34.5
-129.0, 72.0
-129.0, 109.5
-127.5, -117.0
-127.5, -115.5
-127.5, -87.0
-127.5, -18.0
-127.5, 33.0
-127.5, 34.5
-127.5, 72.0
-127.5, 109.5
-126.0, -118.5
-126.0, -117.0
-126.0, -87.0
-126.0, -85.5
-126.0, -18.0
-126.0, 33.0
-126.0, 34.5
-126.0, 72.0
-126.0, 109.5
-124.5, -120.0
-124.5, -118.5
-124.5, -117.0
-124.5, -87.0
-124.5, -85.5
-124.5, -18.0
-124.5, 33.0
-124.5, 34.5
-124.5, 72.0
-124.5, 109.5
-123.0, -120.0
-123.0, -118.5
-123.0, -85.5
-123.0, -84.0
-123.0, -18.0
-123.0, 33.0
-123.0, 34.5
-123.0, 72.0
-123.0, 109.5
-121.5, -121.5
-121.5, -120.0
-121.5, -85.5
-121.5, -84.0
-121.5, -18.0
-121.5, 33.0
-121.5, 34.5
-121.5, 72.0
-121.5, 109.5
-120.0, -121.5
-120.0, -120.0
-120.0, -84.0
-120.0, -82.5
-120.0, -18.0
-120.0, 33.0
-120.0, 34.5
-120.0, 72.0
-120.0, 109.5
-118.5, -123.0
-118.5, -121.5
-118.5, -84.0
-118.5, -82.5
-118.5, -18.0
-118.5, 33.0
-118.5, 34.5
-118.5, 72.0
-118.5, 109.5
-117.0, -124.5
-117.0, -123.0
-117.0, -121.5
-117.0, -82.5
-117.0, -81.0
-117.0, -18.0
-117.0, 33.0
-117.0, 34.5
-117.0, 72.0
-117.0, 109.5
-115.5, -124.5
-115.5, -123.0
-115.5, -82.5
-115.5, -81.0
-115.5, -18.0
-115.5, 33.0
-115.5, 34.5
-115.5, 72.0
-115.5, 109.5
-114.0, -126.0
-114.0, -124.5
-114.0, -81.0
-114.0, -79.5
-114.0, -18.0
-114.0, 33.0
-114.0, 34.5
-114.0, 72.0
-114.0, 109.5
-112.5, -127.5
-112.5, -126.0
-112.5, -124.5
-112.5, -81.0
-112.5, -79.5
-112.5, -18.0
-112.5, 33.0
-112.5, 34.5
-112.5, 72.0
-112.5, 109.5
-111.0, -127.5
-111.0, -126.0
-111.0, -79.5
-111.0, -78.0
-111.0, -18.0
-111.0, 33.0
-111.0, 34.5
-111.0, 72.0
-111.0, 109.5
-109.5, -129.0
-109.5, -127.5
-109.5, -126.0
-109.5, -79.5
-109.5, -78.0
-109.5, -18.0
-109.5, 33.0
-109.5, 34.5
-109.5, 72.0
-109.5, 109.5
-108.0, -129.0
-108.0, -127.5
-108.0, -78.0
-108.0, -76.5
-108.0, -18.0
-108.0, 33.0
-108.0, 34.5
-108.0, 72.0
-108.0, 109.5
-106.5, -130.5
-106.5, -129.0
-106.5, -127.5
-106.5, -78.0
-106.5, -76.5
-106.5, -18.0
-106.5, 33.0
-106.5, 34.5
-106.5, 72.0
-106.5, 109.5
-105.0, -130.5
-105.0, -129.0
-105.0, -76.5
-105.0, -75.0
-105.0, -18.0
-105.0, 33.0
-105.0, 34.5
-105.0, 72.0
-105.0, 109.5
-103.5, -130.5
-103.5, -76.5
-103.5, -75.0
-103.5, -18.0
-103.5, 33.0
-103.5, 34.5
-103.5, 72.0
-103.5, 109.5
-102.0, -130.5
-102.0, -76.5
-102.0, -75.0
-102.0, -73.5
-102.0, -18.0
-102.0, 33.0
-102.0, 34.5
-102.0, 72.0
-102.0, 109.5
-100.5, -130.5
-100.5, -76.5
-100.5, -75.0
-100.5, -73.5
-100.5, -18.0
-100.5, 33.0
-100.5, 34.5
-100.5, 72.0
-100.5, 109.5
-99.0, -130.5
-99.0, -76.5
-99.0, -75.0
-99.0, -73.5
-99.0, -72.0
-99.0, -19.5
-99.0, -18.0
-99.0, -16.5
-99.0, 31.5
-99.0, 33.0
-99.0, 34.5
-99.0, 36.0
-99.0, 70.5
-99.0, 72.0
-99.0, 73.5
-99.0, 108.0
-99.0, 109.5
-97.5, -130.5
-97.5, -129.0
-97.5, -127.5
-97.5, -126.0
-97.5, -124.5
-97.5, -123.0
-97.5, -121.5
-97.5, -120.0
-97.5, -118.5
-97.5, -117.0
-97.5, -115.5
-97.5, -114.0
-97.5, -112.5
-97.5, -111.0
-97.5, -109.5
-97.5, -108.0
-97.5, -106.5
-97.5, -105.0
-97.5, -103.5
-97.5, -102.0
-97.5, -100.5
-97.5, -99.0
-97.5, -97.5
-97.5, -96.0
-97.5, -94.5
-97.5, -93.0
-97.5, -91.5
-97.5, -90.0
-97.5, -88.5
-97.5, -87.0
-97.5, -85.5
-97.5, -84.0
-97.5, -82.5
-97.5, -81.0
-97.5, -79.5
-97.5, -78.0
-97.5, -76.5
-97.5, -75.0
-97.5, -73.5
-97.5, -72.0
-97.5, -70.5
-97.5, -69.0
-97.5, -67.5
-97.5, -66.0
-97.5, -64.5
-97.5, -63.0
-97.5, -61.5
-97.5, -60.0
-97.5, -58.5
-97.5, -57.0
-97.5, -55.5
-97.5, -54.0
-97.5, -52.5
-97.5, -51.0
-97.5, -49.5
-97.5, -48.0
-97.5, -46.5
-97.5, -45.0
-97.5, -43.5
-97.5, -42.0
-97.5, -40.5
-97.5, -39.0
-97.5, -37.5
-97.5, -36.0
-97.5, -34.5
-97.5, -33.0
-97.5, -31.5
-97.5, -30.0
-97.5, -28.5
-97.5, -27.0
-97.5, -25.5
-97.5, -24.0
-97.5, -22.5
-97.5, -21.0
-97.5, -19.5
-97.5, -18.0
-97.5, -16.5
-97.5, -15.0
-97.5, -13.5
-97.5, -12.0
-97.5, -10.5
-97.5, -9.0
-97.5, -7.5
-97.5, -6.0
-97.5, -4.5
-97.5, -3.0
-97.5, -1.5
-97.5, 0.0
-97.5, 1.5
-97.5, 3.0
-97.5, 4.5
-97.5, 6.0
-97.5, 7.5
-97.5, 9.0
-97.5, 10.5
-97.5, 12.0
-97.5, 13.5
-97.5, 15.0
-97.5, 16.5
-97.5, 18.0
-97.5, 19.5
-97.5, 21.0
-97.5, 22.5
-97.5, 24.0
-97.5, 25.5
-97.5, 27.0
-97.5, 28.5
-97.5, 30.0
-97.5, 31.5
-97.5, 33.0
-97.5, 34.5
-97.5, 36.0
-97.5, 37.5
-97.5, 39.0
-97.5, 40.5
-97.5, 42.0
-97.5, 43.5
-97.5, 45.0
-97.5, 46.5
-97.5, 48.0
-97.5, 49.5
-97.5, 51.0
-97.5, 52.5
-97.5, 54.0
-97.5, 55.5
-97.5, 57.0
-97.5, 58.5
-97.5, 60.0
-97.5, 61.5
-97.5, 63.0
-97.5, 64.5
-97.5, 66.0
-97.5, 67.5
-97.5, 69.0
-97.5, 70.5
-97.5, 72.0
-97.5, 73.5
-97.5, 75.0
-97.5, 76.5
-97.5, 78.0
-97.5, 79.5
-97.5, 81.0
-97.5, 82.5
-97.5, 84.0
-97.5, 85.5
-97.5, 87.0
-97.5, 88.5
-97.5, 90.0
-97.5, 91.5
-97.5, 93.0
-97.5, 94.5
-97.5, 96.0
-97.5, 97.5
-97.5, 99.0
-97.5, 100.5
-97.5, 102.0
-97.5, 103.5
-97.5, 105.0
-97.5, 106.5
-97.5, 108.0
-97.5, 109.5
-96.0, -75.0
-96.0, -73.5
-96.0, -72.0
-96.0, -19.5
-96.0, -18.0
-96.0, -16.5
-96.0, 43.5
-96.0, 45.0
-96.0, 46.5
-96.0, 108.0
-96.0, 109.5
-94.5, -73.5
-94.5, -18.0
-94.5, 45.0
-94.5, 109.5
-93.0, -73.5
-93.0, -18.0
-93.0, 45.0
-93.0, 109.5
-91.5, -73.5
-91.5, -18.0
-91.5, 45.0
-91.5, 109.5
-90.0, -73.5
-90.0, -18.0
-90.0, 45.0
-90.0, 109.5
-88.5, -73.5
-88.5, -18.0
-88.5, 45.0
-88.5, 109.5
-87.0, -73.5
-87.0, -18.0
-87.0, 45.0
-87.0, 109.5
-85.5, -73.5
-85.5, -18.0
-85.5, 45.0
-85.5, 109.5
-84.0, -73.5
-84.0, -18.0
-84.0, 45.0
-84.0, 109.5
-82.5, -73.5
-82.5, -18.0
-82.5, 45.0
-82.5, 109.5
-81.0, -73.5
-81.0, -18.0
-81.0, 45.0
-81.0, 109.5
-79.5, -73.5
-79.5, -18.0
-79.5, 45.0
-79.5, 109.5
-78.0, -73.5
-78.0, -18.0
-78.0, 45.0
-78.0, 109.5
-76.5, -73.5
-76.5, -18.0
-76.5, 45.0
-76.5, 109.5
-75.0, -73.5
-75.0, -18.0
-75.0, 45.0
-75.0, 109.5
-73.5, -73.5
-73.5, -18.0
-73.5, 45.0
-73.5, 109.5
-72.0, -73.5
-72.0, -18.0
-72.0, 45.0
-72.0, 109.5
-70.5, -73.5
-70.5, -18.0
-70.5, 45.0
-70.5, 109.5
-69.0, -75.0
-69.0, -73.5
-69.0, -72.0
-69.0, -19.5
-69.0, -18.0
-69.0, -16.5
-69.0, 43.5
-69.0, 45.0
-69.0, 109.5
-67.5, -130.5
-67.5, -129.0
-67.5, -127.5
-67.5, -126.0
-67.5, -124.5
-67.5, -123.0
-67.5, -121.5
-67.5, -120.0
-67.5, -118.5
-67.5, -117.0
-67.5, -115.5
-67.5, -114.0
-67.5, -112.5
-67.5, -111.0
-67.5, -109.5
-67.5, -108.0
-67.5, -106.5
-67.5, -105.0
-67.5, -103.5
-67.5, -102.0
-67.5, -100.5
-67.5, -99.0
-67.5, -97.5
-67.5, -96.0
-67.5, -94.5
-67.5, -93.0
-67.5, -91.5
-67.5, -90.0
-67.5, -88.5
-67.5, -87.0
-67.5, -85.5
-67.5, -84.0
-67.5, -82.5
-67.5, -81.0
-67.5, -79.5
-67.5, -78.0
-67.5, -76.5
-67.5, -75.0
-67.5, -73.5
-67.5, -72.0
-67.5, -70.5
-67.5, -69.0
-67.5, -67.5
-67.5, -66.0
-67.5, -64.5
-67.5, -63.0
-67.5, -61.5
-67.5, -60.0
-67.5, -58.5
-67.5, -57.0
-67.5, -55.5
-67.5, -54.0
-67.5, -52.5
-67.5, -51.0
-67.5, -49.5
-67.5, -48.0
-67.5, -46.5
-67.5, -45.0
-67.5, -43.5
-67.5, -42.0
-67.5, -40.5
-67.5, -39.0
-67.5, -37.5
-67.5, -36.0
-67.5, -34.5
-67.5, -33.0
-67.5, -31.5
-67.5, -30.0
-67.5, -28.5
-67.5, -27.0
-67.5, -25.5
-67.5, -24.0
-67.5, -22.5
-67.5, -21.0
-67.5, -19.5
-67.5, -18.0
-67.5, -16.5
-67.5, -15.0
-67.5, -13.5
-67.5, -12.0
-67.5, -10.5
-67.5, -9.0
-67.5, -7.5
-67.5, -6.0
-67.5, -4.5
-67.5, -3.0
-67.5, -1.5
-67.5, 0.0
-67.5, 1.5
-67.5, 3.0
-67.5, 4.5
-67.5, 6.0
-67.5, 7.5
-67.5, 9.0
-67.5, 10.5
-67.5, 12.0
-67.5, 13.5
-67.5, 15.0
-67.5, 16.5
-67.5, 18.0
-67.5, 19.5
-67.5, 21.0
-67.5, 22.5
-67.5, 24.0
-67.5, 25.5
-67.5, 27.0
-67.5, 28.5
-67.5, 30.0
-67.5, 31.5
-67.5, 33.0
-67.5, 34.5
-67.5, 36.0
-67.5, 37.5
-67.5, 39.0
-67.5, 40.5
-67.5, 42.0
-67.5, 43.5
-67.5, 45.0
-67.5, 109.5
-66.0, -96.0
-66.0, -94.5
-66.0, -93.0
-66.0, -91.5
-66.0, -90.0
-66.0, -88.5
-66.0, -87.0
-66.0, -85.5
-66.0, -84.0
-66.0, -42.0
-66.0, -40.5
-66.0, -39.0
-66.0, -37.5
-66.0, -36.0
-66.0, 34.5
-66.0, 36.0
-66.0, 37.5
-66.0, 39.0
-66.0, 40.5
-66.0, 42.0
-66.0, 43.5
-66.0, 45.0
-66.0, 109.5
-64.5, -94.5
-64.5, -88.5
-64.5, -87.0
-64.5, -85.5
-64.5, -84.0
-64.5, -40.5
-64.5, -39.0
-64.5, -37.5
-64.5, 36.0
-64.5, 37.5
-64.5, 39.0
-64.5, 45.0
-64.5, 109.5
-63.0, -94.5
-63.0, -87.0
-63.0, -85.5
-63.0, -84.0
-63.0, -40.5
-63.0, -39.0
-63.0, -37.5
-63.0, 36.0
-63.0, 37.5
-63.0, 39.0
-63.0, 45.0
-63.0, 109.5
-61.5, -94.5
-61.5, -87.0
-61.5, -85.5
-61.5, -84.0
-61.5, -82.5
-61.5, -40.5
-61.5, -39.0
-61.5, -37.5
-61.5, 34.5
-61.5, 36.0
-61.5, 37.5
-61.5, 45.0
-61.5, 109.5
-60.0, -94.5
-60.0, -85.5
-60.0, -84.0
-60.0, -82.5
-60.0, -81.0
-60.0, -40.5
-60.0, -39.0
-60.0, -37.5
-60.0, 34.5
-60.0, 36.0
-60.0, 37.5
-60.0, 45.0
-60.0, 109.5
-58.5, -94.5
-58.5, -84.0
-58.5, -82.5
-58.5, -81.0
-58.5, -79.5
-58.5, -40.5
-58.5, -39.0
-58.5, -37.5
-58.5, 33.0
-58.5, 34.5
-58.5, 36.0
-58.5, 45.0
-58.5, 109.5
-57.0, -94.5
-57.0, -82.5
-57.0, -81.0
-57.0, -79.5
-57.0, -40.5
-57.0, -39.0
-57.0, -37.5
-57.0, 31.5
-57.0, 33.0
-57.0, 34.5
-57.0, 45.0
-57.0, 109.5
-55.5, -94.5
-55.5, -81.0
-55.5, -79.5
-55.5, -78.0
-55.5, -40.5
-55.5, -39.0
-55.5, -37.5
-55.5, 31.5
-55.5, 33.0
-55.5, 34.5
-55.5, 45.0
-55.5, 109.5
-54.0, -94.5
-54.0, -79.5
-54.0, -78.0
-54.0, -76.5
-54.0, -40.5
-54.0, -39.0
-54.0, -37.5
-54.0, 30.0
-54.0, 31.5
-54.0, 33.0
-54.0, 45.0
-54.0, 109.5
-52.5, -94.5
-52.5, -78.0
-52.5, -76.5
-52.5, -75.0
-52.5, -40.5
-52.5, -39.0
-52.5, -37.5
-52.5, 28.5
-52.5, 30.0
-52.5, 31.5
-52.5, 33.0
-52.5, 45.0
-52.5, 109.5
-51.0, -94.5
-51.0, -76.5
-51.0, -75.0
-51.0, -73.5
-51.0, -40.5
-51.0, -39.0
-51.0, -37.5
-51.0, 28.5
-51.0, 30.0
-51.0, 31.5
-51.0, 45.0
-51.0, 109.5
-49.5, -94.5
-49.5, -76.5
-49.5, -75.0
-49.5, -73.5
-49.5, -72.0
-49.5, -40.5
-49.5, -39.0
-49.5, -37.5
-49.5, 27.0
-49.5, 28.5
-49.5, 30.0
-49.5, 45.0
-49.5, 109.5
-48.0, -94.5
-48.0, -75.0
-48.0, -73.5
-48.0, -72.0
-48.0, -40.5
-48.0, -39.0
-48.0, -37.5
-48.0, 25.5
-48.0, 27.0
-48.0, 28.5
-48.0, 30.0
-48.0, 45.0
-48.0, 109.5
-46.5, -94.5
-46.5, -73.5
-46.5, -72.0
-46.5, -70.5
-46.5, -40.5
-46.5, -39.0
-46.5, -37.5
-46.5, 25.5
-46.5, 27.0
-46.5, 28.5
-46.5, 45.0
-46.5, 109.5
-45.0, -94.5
-45.0, -72.0
-45.0, -70.5
-45.0, -69.0
-45.0, -40.5
-45.0, -39.0
-45.0, -37.5
-45.0, 24.0
-45.0, 25.5
-45.0, 27.0
-45.0, 45.0
-45.0, 109.5
-43.5, -94.5
-43.5, -70.5
-43.5, -69.0
-43.5, -67.5
-43.5, -40.5
-43.5, -39.0
-43.5, -37.5
-43.5, 24.0
-43.5, 25.5
-43.5, 27.0
-43.5, 45.0
-43.5, 109.5
-42.0, -94.5
-42.0, -69.0
-42.0, -67.5
-42.0, -66.0
-42.0, -40.5
-42.0, -39.0
-42.0, -37.5
-42.0, 22.5
-42.0, 24.0
-42.0, 25.5
-42.0, 45.0
-42.0, 109.5
-40.5, -94.5
-40.5, -67.5
-40.5, -66.0
-40.5, -40.5
-40.5, -39.0
-40.5, -37.5
-40.5, 21.0
-40.5, 22.5
-40.5, 24.0
-40.5, 25.5
-40.5, 45.0
-40.5, 109.5
-39.0, -94.5
-39.0, -67.5
-39.0, -66.0
-39.0, -64.5
-39.0, -40.5
-39.0, -39.0
-39.0, -37.5
-39.0, 21.0
-39.0, 22.5
-39.0, 24.0
-39.0, 45.0
-39.0, 109.5
-37.5, -94.5
-37.5, -66.0
-37.5, -64.5
-37.5, -63.0
-37.5, -40.5
-37.5, -39.0
-37.5, -37.5
-37.5, 19.5
-37.5, 21.0
-37.5, 22.5
-37.5, 45.0
-37.5, 109.5
-36.0, -94.5
-36.0, -64.5
-36.0, -63.0
-36.0, -61.5
-36.0, -40.5
-36.0, -39.0
-36.0, -37.5
-36.0, 18.0
-36.0, 19.5
-36.0, 21.0
-36.0, 22.5
-36.0, 45.0
-36.0, 109.5
-34.5, -94.5
-34.5, -63.0
-34.5, -61.5
-34.5, -60.0
-34.5, -40.5
-34.5, -39.0
-34.5, -37.5
-34.5, 18.0
-34.5, 19.5
-34.5, 21.0
-34.5, 45.0
-34.5, 109.5
-33.0, -94.5
-33.0, -61.5
-33.0, -60.0
-33.0, -58.5
-33.0, -40.5
-33.0, -39.0
-33.0, -37.5
-33.0, 16.5
-33.0, 18.0
-33.0, 19.5
-33.0, 21.0
-33.0, 45.0
-33.0, 109.5
-31.5, -94.5
-31.5, -60.0
-31.5, -58.5
-31.5, -40.5
-31.5, -39.0
-31.5, -37.5
-31.5, 15.0
-31.5, 16.5
-31.5, 18.0
-31.5, 19.5
-31.5, 45.0
-31.5, 109.5
-30.0, -94.5
-30.0, -58.5
-30.0, -57.0
-30.0, -40.5
-30.0, -39.0
-30.0, -37.5
-30.0, 15.0
-30.0, 16.5
-30.0, 18.0
-30.0, 45.0
-30.0, 109.5
-28.5, -94.5
-28.5, -58.5
-28.5, -57.0
-28.5, -55.5
-28.5, -40.5
-28.5, -39.0
-28.5, -37.5
-28.5, 13.5
-28.5, 15.0
-28.5, 16.5
-28.5, 18.0
-28.5, 45.0
-28.5, 109.5
-27.0, -94.5
-27.0, -57.0
-27.0, -55.5
-27.0, -54.0
-27.0, -40.5
-27.0, -39.0
-27.0, -37.5
-27.0, 13.5
-27.0, 15.0
-27.0, 16.5
-27.0, 45.0
-27.0, 109.5
-25.5, -94.5
-25.5, -55.5
-25.5, -54.0
-25.5, -52.5
-25.5, -40.5
-25.5, -39.0
-25.5, -37.5
-25.5, 12.0
-25.5, 13.5
-25.5, 15.0
-25.5, 45.0
-25.5, 109.5
-24.0, -94.5
-24.0, -54.0
-24.0, -52.5
-24.0, -40.5
-24.0, -39.0
-24.0, -37.5
-24.0, 10.5
-24.0, 12.0
-24.0, 13.5
-24.0, 15.0
-24.0, 45.0
-24.0, 109.5
-22.5, -94.5
-22.5, -52.5
-22.5, -51.0
-22.5, -40.5
-22.5, -39.0
-22.5, -37.5
-22.5, 10.5
-22.5, 12.0
-22.5, 13.5
-22.5, 45.0
-22.5, 109.5
-21.0, -94.5
-21.0, -51.0
-21.0, -49.5
-21.0, -40.5
-21.0, -39.0
-21.0, -37.5
-21.0, 9.0
-21.0, 10.5
-21.0, 12.0
-21.0, 13.5
-21.0, 45.0
-21.0, 109.5
-19.5, -94.5
-19.5, -49.5
-19.5, -48.0
-19.5, -40.5
-19.5, -39.0
-19.5, -37.5
-19.5, 7.5
-19.5, 9.0
-19.5, 10.5
-19.5, 12.0
-19.5, 45.0
-19.5, 109.5
-18.0, -94.5
-18.0, -49.5
-18.0, -48.0
-18.0, -46.5
-18.0, -40.5
-18.0, -39.0
-18.0, -37.5
-18.0, 7.5
-18.0, 9.0
-18.0, 10.5
-18.0, 45.0
-18.0, 109.5
-16.5, -94.5
-16.5, -48.0
-16.5, -46.5
-16.5, -40.5
-16.5, -39.0
-16.5, -37.5
-16.5, 6.0
-16.5, 7.5
-16.5, 9.0
-16.5, 10.5
-16.5, 45.0
-16.5, 109.5
-15.0, -94.5
-15.0, -46.5
-15.0, -45.0
-15.0, -43.5
-15.0, -42.0
-15.0, -40.5
-15.0, -39.0
-15.0, -37.5
-15.0, -36.0
-15.0, 4.5
-15.0, 6.0
-15.0, 7.5
-15.0, 9.0
-15.0, 10.5
-15.0, 12.0
-15.0, 43.5
-15.0, 45.0
-15.0, 46.5
-15.0, 108.0
-15.0, 109.5
-15.0, 111.0
-13.5, -94.5
-13.5, -45.0
-13.5, -43.5
-13.5, -42.0
-13.5, -40.5
-13.5, -39.0
-13.5, -37.5
-13.5, -36.0
-13.5, -34.5
-13.5, -33.0
-13.5, -31.5
-13.5, -30.0
-13.5, -28.5
-13.5, -27.0
-13.5, -25.5
-13.5, -24.0
-13.5, -22.5
-13.5, -21.0
-13.5, -19.5
-13.5, -18.0
-13.5, -16.5
-13.5, -15.0
-13.5, -13.5
-13.5, -12.0
-13.5, -10.5
-13.5, -9.0
-13.5, -7.5
-13.5, -6.0
-13.5, -4.5
-13.5, -3.0
-13.5, -1.5
-13.5, 0.0
-13.5, 1.5
-13.5, 3.0
-13.5, 4.5
-13.5, 6.0
-13.5, 7.5
-13.5, 9.0
-13.5, 10.5
-13.5, 12.0
-13.5, 13.5
-13.5, 15.0
-13.5, 16.5
-13.5, 18.0
-13.5, 19.5
-13.5, 21.0
-13.5, 22.5
-13.5, 24.0
-13.5, 25.5
-13.5, 27.0
-13.5, 28.5
-13.5, 30.0
-13.5, 31.5
-13.5, 33.0
-13.5, 34.5
-13.5, 36.0
-13.5, 37.5
-13.5, 39.0
-13.5, 40.5
-13.5, 42.0
-13.5, 43.5
-13.5, 45.0
-13.5, 46.5
-13.5, 48.0
-13.5, 49.5
-13.5, 51.0
-13.5, 52.5
-13.5, 54.0
-13.5, 55.5
-13.5, 57.0
-13.5, 58.5
-13.5, 60.0
-13.5, 61.5
-13.5, 63.0
-13.5, 64.5
-13.5, 66.0
-13.5, 67.5
-13.5, 69.0
-13.5, 70.5
-13.5, 72.0
-13.5, 73.5
-13.5, 75.0
-13.5, 76.5
-13.5, 78.0
-13.5, 79.5
-13.5, 81.0
-13.5, 82.5
-13.5, 84.0
-13.5, 85.5
-13.5, 87.0
-13.5, 88.5
-13.5, 90.0
-13.5, 91.5
-13.5, 93.0
-13.5, 94.5
-13.5, 96.0
-13.5, 97.5
-13.5, 99.0
-13.5, 100.5
-13.5, 102.0
-13.5, 103.5
-13.5, 105.0
-13.5, 106.5
-13.5, 108.0
-13.5, 109.5
-13.5, 111.0
-13.5, 112.5
-13.5, 114.0
-13.5, 115.5
-13.5, 117.0
-13.5, 118.5
-13.5, 120.0
-13.5, 121.5
-13.5, 123.0
-13.5, 124.5
-13.5, 126.0
-13.5, 127.5
-13.5, 129.0
-13.5, 130.5
-12.0, -94.5
-12.0, -43.5
-12.0, -42.0
-12.0, -40.5
-12.0, -39.0
-12.0, -37.5
-12.0, -36.0
-12.0, -34.5
-12.0, -33.0
-12.0, -31.5
-12.0, -30.0
-12.0, -28.5
-12.0, -27.0
-12.0, -25.5
-12.0, -24.0
-12.0, -22.5
-12.0, -21.0
-12.0, -19.5
-12.0, -18.0
-12.0, -16.5
-12.0, -15.0
-12.0, -13.5
-12.0, -12.0
-12.0, -10.5
-12.0, -9.0
-12.0, -7.5
-12.0, -6.0
-12.0, -4.5
-12.0, -3.0
-12.0, -1.5
-12.0, 0.0
-12.0, 1.5
-12.0, 3.0
-12.0, 4.5
-12.0, 6.0
-12.0, 7.5
-12.0, 9.0
-12.0, 10.5
-12.0, 12.0
-12.0, 13.5
-12.0, 15.0
-12.0, 16.5
-12.0, 18.0
-12.0, 19.5
-12.0, 21.0
-12.0, 22.5
-12.0, 24.0
-12.0, 25.5
-12.0, 27.0
-12.0, 28.5
-12.0, 30.0
-12.0, 31.5
-12.0, 33.0
-12.0, 34.5
-12.0, 36.0
-12.0, 37.5
-12.0, 39.0
-12.0, 40.5
-12.0, 42.0
-12.0, 43.5
-12.0, 45.0
-12.0, 46.5
-12.0, 48.0
-12.0, 49.5
-12.0, 51.0
-12.0, 52.5
-12.0, 54.0
-12.0, 55.5
-12.0, 57.0
-12.0, 58.5
-12.0, 60.0
-12.0, 61.5
-12.0, 63.0
-12.0, 64.5
-12.0, 66.0
-12.0, 67.5
-12.0, 69.0
-12.0, 70.5
-12.0, 72.0
-12.0, 73.5
-12.0, 75.0
-12.0, 76.5
-12.0, 78.0
-12.0, 79.5
-12.0, 81.0
-12.0, 82.5
-12.0, 84.0
-12.0, 85.5
-12.0, 87.0
-12.0, 88.5
-12.0, 90.0
-12.0, 91.5
-12.0, 93.0
-12.0, 94.5
-12.0, 96.0
-12.0, 97.5
-12.0, 99.0
-12.0, 100.5
-12.0, 102.0
-12.0, 103.5
-12.0, 105.0
-12.0, 106.5
-12.0, 108.0
-12.0, 109.5
-12.0, 111.0
-12.0, 112.5
-12.0, 114.0
-12.0, 115.5
-12.0, 117.0
-12.0, 118.5
-12.0, 120.0
-12.0, 121.5
-12.0, 123.0
-12.0, 124.5
-12.0, 126.0
-12.0, 127.5
-12.0, 129.0
-12.0, 130.5
-10.5, -94.5
-10.5, -42.0
-10.5, -40.5
-10.5, -39.0
-10.5, -37.5
-10.5, -36.0
-10.5, 51.0
-10.5, 52.5
-10.5, 54.0
-10.5, 55.5
-10.5, 57.0
-9.0, -94.5
-9.0, -40.5
-9.0, -39.0
-9.0, -37.5
-9.0, 52.5
-9.0, 54.0
-9.0, 55.5
-7.5, -94.5
-7.5, -40.5
-7.5, -39.0
-7.5, -37.5
-7.5, 52.5
-7.5, 54.0
-7.5, 55.5
-6.0, -94.5
-6.0, -40.5
-6.0, -39.0
-6.0, -37.5
-6.0, 52.5
-6.0, 54.0
-6.0, 55.5
-4.5, -94.5
-4.5, -40.5
-4.5, -39.0
-4.5, -37.5
-4.5, 52.5
-4.5, 54.0
-4.5, 55.5
-3.0, -94.5
-3.0, -40.5
-3.0, -39.0
-3.0, -37.5
-3.0, 52.5
-3.0, 54.0
-3.0, 55.5
-1.5, -94.5
-1.5, -40.5
-1.5, -39.0
-1.5, -37.5
-1.5, 52.5
-1.5, 54.0
-1.5, 55.5
0.0, -94.5
0.0, -40.5
0.0, -39.0
0.0, -37.5
0.0, 52.5
0.0, 54.0
0.0, 55.5
1.5, -94.5
1.5, -40.5
1.5, -39.0
1.5, -37.5
1.5, 52.5
1.5, 54.0
1.5, 55.5
3.0, -94.5
3.0, -40.5
3.0, -39.0
3.0, -37.5
3.0, 52.5
3.0, 54.0
3.0, 55.5
4.5, -94.5
4.5, -40.5
4.5, -39.0
4.5, -37.5
4.5, 52.5
4.5, 54.0
4.5, 55.5
6.0, -94.5
6.0, -40.5
6.0, -39.0
6.0, -37.5
6.0, 52.5
6.0, 54.0
6.0, 55.5
7.5, -94.5
7.5, -40.5
7.5, -39.0
7.5, -37.5
7.5, 52.5
7.5, 54.0
7.5, 55.5
9.0, -94.5
9.0, -40.5
9.0, -39.0
9.0, -37.5
9.0, 52.5
9.0, 54.0
9.0, 55.5
10.5, -94.5
10.5, -40.5
10.5, -39.0
10.5, -37.5
10.5, -36.0
10.5, 51.0
10.5, 52.5
10.5, 54.0
10.5, 55.5
12.0, -94.5
12.0, -40.5
12.0, -39.0
12.0, -37.5
12.0, -36.0
12.0, -34.5
12.0, -33.0
12.0, -31.5
12.0, -30.0
12.0, -28.5
12.0, -27.0
12.0, -25.5
12.0, -24.0
12.0, -22.5
12.0, -21.0
12.0, -19.5
12.0, -18.0
12.0, -16.5
12.0, -15.0
12.0, -13.5
12.0, -12.0
12.0, -10.5
12.0, -9.0
12.0, -7.5
12.0, -6.0
12.0, -4.5
12.0, -3.0
12.0, -1.5
12.0, 0.0
12.0, 1.5
12.0, 3.0
12.0, 4.5
12.0, 6.0
12.0, 7.5
12.0, 9.0
12.0, 10.5
12.0, 12.0
12.0, 13.5
12.0, 15.0
12.0, 16.5
12.0, 18.0
12.0, 19.5
12.0, 21.0
12.0, 22.5
12.0, 24.0
12.0, 25.5
12.0, 27.0
12.0, 28.5
12.0, 30.0
12.0, 31.5
12.0, 33.0
12.0, 34.5
12.0, 36.0
12.0, 37.5
12.0, 39.0
12.0, 40.5
12.0, 42.0
12.0, 43.5
12.0, 45.0
12.0, 46.5
12.0, 48.0
12.0, 49.5
12.0, 51.0
12.0, 52.5
12.0, 54.0
12.0, 55.5
13.5, -94.5
13.5, -40.5
13.5, -39.0
13.5, -37.5
13.5, -36.0
13.5, -34.5
13.5, -33.0
13.5, -31.5
13.5, -30.0
13.5, -28.5
13.5, -27.0
13.5, -25.5
13.5, -24.0
13.5, -22.5
13.5, -21.0
13.5, -19.5
13.5, -18.0
13.5, -16.5
13.5, -15.0
13.5, -13.5
13.5, -12.0
13.5, -10.5
13.5, -9.0
13.5, -7.5
13.5, -6.0
13.5, -4.5
13.5, -3.0
13.5, -1.5
13.5, 0.0
13.5, 1.5
13.5, 3.0
13.5, 4.5
13.5, 6.0
13.5, 7.5
13.5, 9.0
13.5, 10.5
13.5, 12.0
13.5, 13.5
13.5, 15.0
13.5, 16.5
13.5, 18.0
13.5, 19.5
13.5, 21.0
13.5, 22.5
13.5, 24.0
13.5, 25.5
13.5, 27.0
13.5, 28.5
13.5, 30.0
13.5, 31.5
13.5, 33.0
13.5, 34.5
13.5, 36.0
13.5, 37.5
13.5, 39.0
13.5, 40.5
13.5, 42.0
13.5, 43.5
13.5, 45.0
13.5, 46.5
13.5, 48.0
13.5, 49.5
13.5, 51.0
13.5, 52.5
13.5, 54.0
13.5, 55.5
15.0, -94.5
15.0, -40.5
15.0, -39.0
15.0, -37.5
15.0, 12.0
15.0, 13.5
15.0, 15.0
15.0, 16.5
15.0, 51.0
15.0, 52.5
15.0, 54.0
15.0, 55.5
16.5, -94.5
16.5, -40.5
16.5, -39.0
16.5, 13.5
16.5, 15.0
16.5, 52.5
16.5, 54.0
16.5, 55.5
18.0, -94.5
18.0, -40.5
18.0, -39.0
18.0, 13.5
18.0, 15.0
18.0, 52.5
18.0, 54.0
18.0, 55.5
19.5, -94.5
19.5, -40.5
19.5, -39.0
19.5, 13.5
19.5, 15.0
19.5, 52.5
19.5, 54.0
19.5, 55.5
21.0, -94.5
21.0, -40.5
21.0, -39.0
21.0, 13.5
21.0, 15.0
21.0, 52.5
21.0, 54.0
21.0, 55.5
22.5, -94.5
22.5, -40.5
22.5, -39.0
22.5, 13.5
22.5, 15.0
22.5, 52.5
22.5, 54.0
22.5, 55.5
24.0, -94.5
24.0, -40.5
24.0, -39.0
24.0, 13.5
24.0, 15.0
24.0, 52.5
24.0, 54.0
24.0, 55.5
25.5, -94.5
25.5, -40.5
25.5, -39.0
25.5, 13.5
25.5, 15.0
25.5, 52.5
25.5, 54.0
25.5, 55.5
27.0, -94.5
27.0, -40.5
27.0, -39.0
27.0, 13.5
27.0, 15.0
27.0, 52.5
27.0, 54.0
27.0, 55.5
28.5, -94.5
28.5, -40.5
28.5, -39.0
28.5, 13.5
28.5, 15.0
28.5, 52.5
28.5, 54.0
28.5, 55.5
30.0, -94.5
30.0, -40.5
30.0, -39.0
30.0, 13.5
30.0, 15.0
30.0, 52.5
30.0, 54.0
30.0, 55.5
31.5, -94.5
31.5, -40.5
31.5, -39.0
31.5, 13.5
31.5, 15.0
31.5, 52.5
31.5, 54.0
31.5, 55.5
33.0, -94.5
33.0, -40.5
33.0, -39.0
33.0, 13.5
33.0, 15.0
33.0, 52.5
33.0, 54.0
33.0, 55.5
34.5, -96.0
34.5, -94.5
34.5, -93.0
34.5, -40.5
34.5, -39.0
34.5, 13.5
34.5, 15.0
34.5, 52.5
34.5, 54.0
34.5, 55.5
36.0, -130.5
36.0, -129.0
36.0, -127.5
36.0, -126.0
36.0, -124.5
36.0, -123.0
36.0, -121.5
36.0, -120.0
36.0, -118.5
36.0, -117.0
36.0, -115.5
36.0, -114.0
36.0, -112.5
36.0, -111.0
36.0, -109.5
36.0, -108.0
36.0, -106.5
36.0, -105.0
36.0, -103.5
36.0, -102.0
36.0, -100.5
36.0, -99.0
36.0, -97.5
36.0, -96.0
36.0, -94.5
36.0, -93.0
36.0, -91.5
36.0, -90.0
36.0, -88.5
36.0, -87.0
36.0, -85.5
36.0, -84.0
36.0, -82.5
36.0, -42.0
36.0, -40.5
36.0, -39.0
36.0, 13.5
36.0, 15.0
36.0, 52.5
36.0, 54.0
36.0, 55.5
37.5, -130.5
37.5, -129.0
37.5, -127.5
37.5, -126.0
37.5, -124.5
37.5, -123.0
37.5, -121.5
37.5, -120.0
37.5, -118.5
37.5, -117.0
37.5, -115.5
37.5, -114.0
37.5, -112.5
37.5, -111.0
37.5, -109.5
37.5, -108.0
37.5, -106.5
37.5, -105.0
37.5, -103.5
37.5, -102.0
37.5, -100.5
37.5, -99.0
37.5, -97.5
37.5, -96.0
37.5, -94.5
37.5, -93.0
37.5, -91.5
37.5, -90.0
37.5, -88.5
37.5, -87.0
37.5, -85.5
37.5, -84.0
37.5, -82.5
37.5, -81.0
37.5, -79.5
37.5, -78.0
37.5, -76.5
37.5, -75.0
37.5, -73.5
37.5, -72.0
37.5, -70.5
37.5, -69.0
37.5, -67.5
37.5, -66.0
37.5, -64.5
37.5, -63.0
37.5, -61.5
37.5, -60.0
37.5, -58.5
37.5, -57.0
37.5, -55.5
37.5, -54.0
37.5, -52.5
37.5, -51.0
37.5, -49.5
37.5, -48.0
37.5, -46.5
37.5, -45.0
37.5, -43.5
37.5, -42.0
37.5, -40.5
37.5, -39.0
37.5, 13.5
37.5, 15.0
37.5, 52.5
37.5, 54.0
37.5, 55.5
39.0, -66.0
39.0, -64.5
39.0, -63.0
39.0, -42.0
39.0, -40.5
39.0, -39.0
39.0, 13.5
39.0, 15.0
39.0, 52.5
39.0, 54.0
39.0, 55.5
40.5, -64.5
40.5, -40.5
40.5, -39.0
40.5, 13.5
40.5, 15.0
40.5, 52.5
40.5, 54.0
40.5, 55.5
42.0, -64.5
42.0, -40.5
42.0, -39.0
42.0, 13.5
42.0, 15.0
42.0, 52.5
42.0, 54.0
42.0, 55.5
43.5, -64.5
43.5, -40.5
43.5, -39.0
43.5, 13.5
43.5, 15.0
43.5, 52.5
43.5, 54.0
43.5, 55.5
45.0, -64.5
45.0, -40.5
45.0, -39.0
45.0, 13.5
45.0, 15.0
45.0, 52.5
45.0, 54.0
45.0, 55.5
46.5, -64.5
46.5, -40.5
46.5, -39.0
46.5, 13.5
46.5, 15.0
46.5, 52.5
46.5, 54.0
46.5, 55.5
48.0, -64.5
48.0, -40.5
48.0, -39.0
48.0, 13.5
48.0, 15.0
48.0, 52.5
48.0, 54.0
48.0, 55.5
49.5, -64.5
49.5, -40.5
49.5, -39.0
49.5, 13.5
49.5, 15.0
49.5, 52.5
49.5, 54.0
49.5, 55.5
51.0, -64.5
51.0, -40.5
51.0, -39.0
51.0, 13.5
51.0, 15.0
51.0, 52.5
51.0, 54.0
51.0, 55.5
52.5, -64.5
52.5, -40.5
52.5, -39.0
52.5, 13.5
52.5, 15.0
52.5, 52.5
52.5, 54.0
52.5, 55.5
54.0, -64.5
54.0, -40.5
54.0, -39.0
54.0, 13.5
54.0, 15.0
54.0, 52.5
54.0, 54.0
54.0, 55.5
55.5, -64.5
55.5, -40.5
55.5, -39.0
55.5, 13.5
55.5, 15.0
55.5, 52.5
55.5, 54.0
55.5, 55.5
57.0, -64.5
57.0, -40.5
57.0, -39.0
57.0, 13.5
57.0, 15.0
57.0, 52.5
57.0, 54.0
57.0, 55.5
58.5, -64.5
58.5, -40.5
58.5, -39.0
58.5, 13.5
58.5, 15.0
58.5, 52.5
58.5, 54.0
58.5, 55.5
60.0, -64.5
60.0, -40.5
60.0, -39.0
60.0, 13.5
60.0, 15.0
60.0, 52.5
60.0, 54.0
60.0, 55.5
61.5, -64.5
61.5, -40.5
61.5, -39.0
61.5, 13.5
61.5, 15.0
61.5, 52.5
61.5, 54.0
61.5, 55.5
63.0, -64.5
63.0, -40.5
63.0, -39.0
63.0, 13.5
63.0, 15.0
63.0, 52.5
63.0, 54.0
63.0, 55.5
64.5, -66.0
64.5, -64.5
64.5, -40.5
64.5, -39.0
64.5, -37.5
64.5, 12.0
64.5, 13.5
64.5, 15.0
64.5, 16.5
64.5, 51.0
64.5, 52.5
64.5, 54.0
64.5, 55.5
66.0, -130.5
66.0, -129.0
66.0, -127.5
66.0, -126.0
66.0, -124.5
66.0, -123.0
66.0, -121.5
66.0, -120.0
66.0, -118.5
66.0, -117.0
66.0, -115.5
66.0, -114.0
66.0, -112.5
66.0, -111.0
66.0, -109.5
66.0, -108.0
66.0, -106.5
66.0, -105.0
66.0, -103.5
66.0, -102.0
66.0, -100.5
66.0, -99.0
66.0, -97.5
66.0, -96.0
66.0, -94.5
66.0, -93.0
66.0, -91.5
66.0, -90.0
66.0, -88.5
66.0, -87.0
66.0, -85.5
66.0, -84.0
66.0, -82.5
66.0, -81.0
66.0, -79.5
66.0, -78.0
66.0, -76.5
66.0, -75.0
66.0, -73.5
66.0, -72.0
66.0, -70.5
66.0, -69.0
66.0, -67.5
66.0, -66.0
66.0, -64.5
66.0, -40.5
66.0, -39.0
66.0, -37.5
66.0, -36.0
66.0, -34.5
66.0, -33.0
66.0, -31.5
66.0, -30.0
66.0, -28.5
66.0, -27.0
66.0, -25.5
66.0, -24.0
66.0, -22.5
66.0, -21.0
66.0, -19.5
66.0, -18.0
66.0, -16.5
66.0, -15.0
66.0, -13.5
66.0, -12.0
66.0, -10.5
66.0, -9.0
66.0, -7.5
66.0, -6.0
66.0, -4.5
66.0, -3.0
66.0, -1.5
66.0, 0.0
66.0, 1.5
66.0, 3.0
66.0, 4.5
66.0, 6.0
66.0, 7.5
66.0, 9.0
66.0, 10.5
66.0, 12.0
66.0, 13.5
66.0, 15.0
66.0, 16.5
66.0, 18.0
66.0, 19.5
66.0, 21.0
66.0, 22.5
66.0, 24.0
66.0, 25.5
66.0, 27.0
66.0, 28.5
66.0, 30.0
66.0, 31.5
66.0, 33.0
66.0, 34.5
66.0, 36.0
66.0, 37.5
66.0, 39.0
66.0, 40.5
66.0, 42.0
66.0, 43.5
66.0, 45.0
66.0, 46.5
66.0, 48.0
66.0, 49.5
66.0, 51.0
66.0, 52.5
66.0, 54.0
66.0, 55.5
66.0, 57.0
67.5, -102.0
67.5, -100.5
67.5, -99.0
67.5, -67.5
67.5, -66.0
67.5, -64.5
67.5, -40.5
67.5, -39.0
67.5, -37.5
67.5, -36.0
67.5, -34.5
67.5, -33.0
67.5, -31.5
67.5, -30.0
67.5, -28.5
67.5, -27.0
67.5, -25.5
67.5, -24.0
67.5, -22.5
67.5, -21.0
67.5, -19.5
67.5, -18.0
67.5, -16.5
67.5, -15.0
67.5, -13.5
67.5, -12.0
67.5, -10.5
67.5, -9.0
67.5, -7.5
67.5, -6.0
67.5, -4.5
67.5, -3.0
67.5, -1.5
67.5, 0.0
67.5, 1.5
67.5, 3.0
67.5, 4.5
67.5, 6.0
67.5, 7.5
67.5, 9.0
67.5, 10.5
67.5, 12.0
67.5, 13.5
67.5, 15.0
67.5, 16.5
67.5, 18.0
67.5, 19.5
67.5, 21.0
67.5, 22.5
67.5, 24.0
67.5, 25.5
67.5, 27.0
67.5, 28.5
67.5, 30.0
67.5, 31.5
67.5, 33.0
67.5, 34.5
67.5, 36.0
67.5, 37.5
67.5, 39.0
67.5, 40.5
67.5, 42.0
67.5, 43.5
67.5, 45.0
67.5, 46.5
67.5, 48.0
67.5, 49.5
67.5, 51.0
67.5, 52.5
67.5, 54.0
67.5, 55.5
67.5, 57.0
67.5, 58.5
67.5, 60.0
67.5, 61.5
67.5, 63.0
67.5, 64.5
67.5, 66.0
67.5, 67.5
67.5, 69.0
67.5, 70.5
67.5, 72.0
67.5, 73.5
67.5, 75.0
67.5, 76.5
67.5, 78.0
67.5, 79.5
67.5, 81.0
67.5, 82.5
67.5, 84.0
67.5, 85.5
67.5, 87.0
67.5, 88.5
67.5, 90.0
67.5, 91.5
67.5, 93.0
67.5, 94.5
67.5, 96.0
67.5, 97.5
67.5, 99.0
67.5, 100.5
67.5, 102.0
67.5, 103.5
67.5, 105.0
67.5, 106.5
67.5, 108.0
67.5, 109.5
67.5, 111.0
67.5, 112.5
67.5, 114.0
67.5, 115.5
67.5, 117.0
67.5, 118.5
67.5, 120.0
67.5, 121.5
67.5, 123.0
67.5, 124.5
67.5, 126.0
67.5, 127.5
67.5, 129.0
67.5, 130.5
69.0, -100.5
69.0, -66.0
69.0, -64.5
69.0, -40.5
69.0, -39.0
69.0, -37.5
69.0, 12.0
69.0, 13.5
69.0, 15.0
69.0, 16.5
69.0, 43.5
69.0, 45.0
69.0, 46.5
69.0, 48.0
69.0, 49.5
69.0, 51.0
69.0, 52.5
69.0, 54.0
69.0, 55.5
69.0, 57.0
70.5, -100.5
70.5, -66.0
70.5, -64.5
70.5, -40.5
70.5, -39.0
70.5, 13.5
70.5, 15.0
70.5, 43.5
70.5, 45.0
70.5, 46.5
70.5, 48.0
70.5, 49.5
70.5, 51.0
70.5, 52.5
70.5, 54.0
70.5, 55.5
72.0, -100.5
72.0, -66.0
72.0, -64.5
72.0, -40.5
72.0, -39.0
72.0, 13.5
72.0, 15.0
72.0, 43.5
72.0, 45.0
72.0, 46.5
72.0, 48.0
72.0, 54.0
72.0, 55.5
73.5, -100.5
73.5, -66.0
73.5, -64.5
73.5, -40.5
73.5, -39.0
73.5, 13.5
73.5, 15.0
73.5, 43.5
73.5, 45.0
73.5, 46.5
73.5, 54.0
73.5, 55.5
73.5, 57.0
75.0, -100.5
75.0, -66.0
75.0, -64.5
75.0, -40.5
75.0, -39.0
75.0, 13.5
75.0, 15.0
75.0, 42.0
75.0, 43.5
75.0, 45.0
75.0, 55.5
75.0, 57.0
76.5, -100.5
76.5, -66.0
76.5, -64.5
76.5, -40.5
76.5, -39.0
76.5, 13.5
76.5, 15.0
76.5, 42.0
76.5, 43.5
76.5, 45.0
76.5, 55.5
76.5, 57.0
76.5, 58.5
78.0, -100.5
78.0, -66.0
78.0, -64.5
78.0, -40.5
78.0, -39.0
78.0, 13.5
78.0, 15.0
78.0, 40.5
78.0, 42.0
78.0, 43.5
78.0, 57.0
78.0, 58.5
79.5, -100.5
79.5, -66.0
79.5, -64.5
79.5, -40.5
79.5, -39.0
79.5, 13.5
79.5, 15.0
79.5, 39.0
79.5, 40.5
79.5, 42.0
79.5, 43.5
79.5, 57.0
79.5, 58.5
79.5, 60.0
81.0, -100.5
81.0, -66.0
81.0, -64.5
81.0, -40.5
81.0, -39.0
81.0, 13.5
81.0, 15.0
81.0, 39.0
81.0, 40.5
81.0, 42.0
81.0, 58.5
81.0, 60.0
82.5, -100.5
82.5, -66.0
82.5, -64.5
82.5, -40.5
82.5, -39.0
82.5, 13.5
82.5, 15.0
82.5, 37.5
82.5, 39.0
82.5, 40.5
82.5, 58.5
82.5, 60.0
82.5, 61.5
84.0, -100.5
84.0, -66.0
84.0, -64.5
84.0, -40.5
84.0, -39.0
84.0, 13.5
84.0, 15.0
84.0, 36.0
84.0, 37.5
84.0, 39.0
84.0, 40.5
84.0, 60.0
84.0, 61.5
85.5, -100.5
85.5, -66.0
85.5, -64.5
85.5, -40.5
85.5, -39.0
85.5, 13.5
85.5, 15.0
85.5, 36.0
85.5, 37.5
85.5, 39.0
85.5, 60.0
85.5, 61.5
85.5, 63.0
87.0, -100.5
87.0, -66.0
87.0, -64.5
87.0, -40.5
87.0, -39.0
87.0, 13.5
87.0, 15.0
87.0, 34.5
87.0, 36.0
87.0, 37.5
87.0, 39.0
87.0, 61.5
87.0, 63.0
88.5, -100.5
88.5, -66.0
88.5, -64.5
88.5, -40.5
88.5, -39.0
88.5, 13.5
88.5, 15.0
88.5, 34.5
88.5, 36.0
88.5, 37.5
88.5, 61.5
88.5, 63.0
88.5, 64.5
90.0, -100.5
90.0, -66.0
90.0, -64.5
90.0, -40.5
90.0, -39.0
90.0, 13.5
90.0, 15.0
90.0, 33.0
90.0, 34.5
90.0, 36.0
90.0, 37.5
90.0, 61.5
90.0, 63.0
90.0, 64.5
91.5, -100.5
91.5, -66.0
91.5, -64.5
91.5, -40.5
91.5, -39.0
91.5, 13.5
91.5, 15.0
91.5, 31.5
91.5, 33.0
91.5, 34.5
91.5, 36.0
91.5, 63.0
91.5, 64.5
91.5, 66.0
93.0, -100.5
93.0, -66.0
93.0, -64.5
93.0, -40.5
93.0, -39.0
93.0, 13.5
93.0, 15.0
93.0, 31.5
93.0, 33.0
93.0, 34.5
93.0, 63.0
93.0, 64.5
93.0, 66.0
94.5, -100.5
94.5, -66.0
94.5, -64.5
94.5, -40.5
94.5, -39.0
94.5, 13.5
94.5, 15.0
94.5, 30.0
94.5, 31.5
94.5, 33.0
94.5, 34.5
94.5, 64.5
94.5, 66.0
94.5, 67.5
96.0, -100.5
96.0, -66.0
96.0, -64.5
96.0, -40.5
96.0, -39.0
96.0, 13.5
96.0, 15.0
96.0, 30.0
96.0, 31.5
96.0, 33.0
96.0, 64.5
96.0, 66.0
96.0, 67.5
97.5, -100.5
97.5, -66.0
97.5, -64.5
97.5, -40.5
97.5, -39.0
97.5, 13.5
97.5, 15.0
97.5, 28.5
97.5, 30.0
97.5, 31.5
97.5, 33.0
97.5, 66.0
97.5, 67.5
97.5, 69.0
99.0, -100.5
99.0, -66.0
99.0, -64.5
99.0, -40.5
99.0, -39.0
99.0, 13.5
99.0, 15.0
99.0, 27.0
99.0, 28.5
99.0, 30.0
99.0, 31.5
99.0, 66.0
99.0, 67.5
99.0, 69.0
100.5, -100.5
100.5, -66.0
100.5, -64.5
100.5, -40.5
100.5, -39.0
100.5, 13.5
100.5, 15.0
100.5, 27.0
100.5, 28.5
100.5, 30.0
100.5, 67.5
100.5, 69.0
100.5, 70.5
102.0, -100.5
102.0, -66.0
102.0, -64.5
102.0, -40.5
102.0, -39.0
102.0, 13.5
102.0, 15.0
102.0, 25.5
102.0, 27.0
102.0, 28.5
102.0, 30.0
102.0, 67.5
102.0, 69.0
102.0, 70.5
103.5, -100.5
103.5, -66.0
103.5, -64.5
103.5, -40.5
103.5, -39.0
103.5, 13.5
103.5, 15.0
103.5, 24.0
103.5, 25.5
103.5, 27.0
103.5, 28.5
103.5, 69.0
103.5, 70.5
103.5, 72.0
105.0, -100.5
105.0, -66.0
105.0, -64.5
105.0, -40.5
105.0, -39.0
105.0, 13.5
105.0, 15.0
105.0, 24.0
105.0, 25.5
105.0, 27.0
105.0, 28.5
105.0, 69.0
105.0, 70.5
105.0, 72.0
106.5, -100.5
106.5, -66.0
106.5, -64.5
106.5, -40.5
106.5, -39.0
106.5, 13.5
106.5, 15.0
106.5, 22.5
106.5, 24.0
106.5, 25.5
106.5, 27.0
106.5, 70.5
106.5, 72.0
106.5, 73.5
108.0, -100.5
108.0, -66.0
108.0, -64.5
108.0, -40.5
108.0, -39.0
108.0, 13.5
108.0, 15.0
108.0, 22.5
108.0, 24.0
108.0, 25.5
108.0, 27.0
108.0, 70.5
108.0, 72.0
108.0, 73.5
109.5, -100.5
109.5, -66.0
109.5, -64.5
109.5, -40.5
109.5, -39.0
109.5, 13.5
109.5, 15.0
109.5, 21.0
109.5, 22.5
109.5, 24.0
109.5, 25.5
109.5, 72.0
109.5, 73.5
109.5, 75.0
111.0, -100.5
111.0, -66.0
111.0, -64.5
111.0, -40.5
111.0, -39.0
111.0, 13.5
111.0, 15.0
111.0, 16.5
111.0, 18.0
111.0, 19.5
111.0, 21.0
111.0, 22.5
111.0, 24.0
111.0, 72.0
111.0, 73.5
111.0, 75.0
112.5, -100.5
112.5, -66.0
112.5, -64.5
112.5, -40.5
112.5, -39.0
112.5, 13.5
112.5, 15.0
112.5, 16.5
112.5, 18.0
112.5, 19.5
112.5, 21.0
112.5, 22.5
112.5, 24.0
112.5, 72.0
112.5, 73.5
112.5, 75.0
112.5, 76.5
114.0, -100.5
114.0, -66.0
114.0, -64.5
114.0, -40.5
114.0, -39.0
114.0, 13.5
114.0, 15.0
114.0, 16.5
114.0, 18.0
114.0, 19.5
114.0, 21.0
114.0, 22.5
114.0, 73.5
114.0, 75.0
114.0, 76.5
115.5, -100.5
115.5, -66.0
115.5, -64.5
115.5, -40.5
115.5, -39.0
115.5, 13.5
115.5, 15.0
115.5, 16.5
115.5, 18.0
115.5, 19.5
115.5, 21.0
115.5, 22.5
115.5, 73.5
115.5, 75.0
115.5, 76.5
115.5, 78.0
117.0, -100.5
117.0, -66.0
117.0, -64.5
117.0, -40.5
117.0, -39.0
117.0, 13.5
117.0, 15.0
117.0, 16.5
117.0, 18.0
117.0, 19.5
117.0, 21.0
117.0, 75.0
117.0, 76.5
117.0, 78.0
118.5, -100.5
118.5, -66.0
118.5, -64.5
118.5, -40.5
118.5, -39.0
118.5, 13.5
118.5, 15.0
118.5, 16.5
118.5, 18.0
118.5, 19.5
118.5, 75.0
118.5, 76.5
118.5, 78.0
118.5, 79.5
120.0, -102.0
120.0, -100.5
120.0, -99.0
120.0, -67.5
120.0, -66.0
120.0, -64.5
120.0, -63.0
120.0, -42.0
120.0, -40.5
120.0, -39.0
120.0, 13.5
120.0, 15.0
120.0, 16.5
120.0, 18.0
120.0, 19.5
120.0, 73.5
120.0, 75.0
120.0, 76.5
120.0, 78.0
120.0, 79.5
120.0, 81.0
121.5, -130.5
121.5, -129.0
121.5, -127.5
121.5, -126.0
121.5, -124.5
121.5, -123.0
121.5, -121.5
121.5, -120.0
121.5, -118.5
121.5, -117.0
121.5, -115.5
121.5, -114.0
121.5, -112.5
121.5, -111.0
121.5, -109.5
121.5, -108.0
121.5, -106.5
121.5, -105.0
121.5, -103.5
121.5, -102.0
121.5, -100.5
121.5, -99.0
121.5, -97.5
121.5, -96.0
121.5, -94.5
121.5, -93.0
121.5, -91.5
121.5, -90.0
121.5, -88.5
121.5, -87.0
121.5, -85.5
121.5, -84.0
121.5, -82.5
121.5, -81.0
121.5, -79.5
121.5, -78.0
121.5, -76.5
121.5, -75.0
121.5, -73.5
121.5, -72.0
121.5, -70.5
121.5, -69.0
121.5, -67.5
121.5, -66.0
121.5, -64.5
121.5, -63.0
121.5, -61.5
121.5, -60.0
121.5, -58.5
121.5, -57.0
121.5, -55.5
121.5, -54.0
121.5, -52.5
121.5, -51.0
121.5, -49.5
121.5, -48.0
121.5, -46.5
121.5, -45.0
121.5, -43.5
121.5, -42.0
121.5, -40.5
121.5, -39.0
121.5, 13.5
121.5, 15.0
121.5, 16.5
121.5, 18.0
121.5, 19.5
121.5, 21.0
121.5, 72.0
121.5, 73.5
121.5, 75.0
121.5, 76.5
121.5, 78.0
121.5, 79.5
121.5, 81.0
121.5, 82.5
121.5, 84.0
121.5, 85.5
121.5, 87.0
121.5, 88.5
121.5, 90.0
121.5, 91.5
121.5, 93.0
121.5, 94.5
121.5, 96.0
121.5, 97.5
121.5, 99.0
121.5, 100.5
121.5, 102.0
121.5, 103.5
121.5, 105.0
121.5, 106.5
121.5, 108.0
121.5, 109.5
121.5, 111.0
121.5, 112.5
121.5, 114.0
121.5, 115.5
121.5, 117.0
121.5, 118.5
121.5, 120.0
121.5, 121.5
121.5, 123.0
121.5, 124.5
121.5, 126.0
121.5, 127.5
121.5, 129.0
121.5, 130.5
123.0, -42.0
123.0, -40.5
123.0, -39.0
123.0, 13.5
123.0, 15.0
123.0, 16.5
123.0, 18.0
123.0, 19.5
123.0, 21.0
123.0, 22.5
123.0, 24.0
123.0, 25.5
123.0, 27.0
123.0, 28.5
123.0, 30.0
123.0, 31.5
123.0, 33.0
123.0, 34.5
123.0, 36.0
123.0, 37.5
123.0, 39.0
123.0, 40.5
123.0, 42.0
123.0, 43.5
123.0, 45.0
123.0, 46.5
123.0, 48.0
123.0, 49.5
123.0, 51.0
123.0, 52.5
123.0, 54.0
123.0, 55.5
123.0, 57.0
123.0, 58.5
123.0, 60.0
123.0, 61.5
123.0, 63.0
123.0, 64.5
123.0, 66.0
123.0, 67.5
123.0, 69.0
123.0, 70.5
123.0, 72.0
123.0, 73.5
123.0, 75.0
123.0, 76.5
123.0, 78.0
123.0, 79.5
123.0, 81.0
123.0, 82.5
123.0, 84.0
123.0, 85.5
123.0, 87.0
123.0, 88.5
123.0, 90.0
123.0, 91.5
123.0, 93.0
123.0, 94.5
123.0, 96.0
123.0, 97.5
123.0, 99.0
123.0, 100.5
123.0, 102.0
123.0, 103.5
123.0, 105.0
123.0, 106.5
123.0, 108.0
123.0, 109.5
123.0, 111.0
123.0, 112.5
123.0, 114.0
123.0, 115.5
123.0, 117.0
123.0, 118.5
123.0, 120.0
123.0, 121.5
123.0, 123.0
123.0, 124.5
123.0, 126.0
123.0, 127.5
123.0, 129.0
123.0, 130.5
124.5, -40.5
124.5, -39.0
124.5, 13.5
124.5, 15.0
124.5, 16.5
124.5, 18.0
124.5, 76.5
124.5, 78.0
124.5, 79.5
124.5, 81.0
126.0, -40.5
126.0, -39.0
126.0, 13.5
126.0, 15.0
126.0, 16.5
126.0, 78.0
126.0, 79.5
127.5, -40.5
127.5, -39.0
127.5, 13.5
127.5, 15.0
127.5, 16.5
127.5, 78.0
127.5, 79.5
129.0, -40.5
129.0, -39.0
129.0, 13.5
129.0, 15.0
129.0, 16.5
129.0, 78.0
129.0, 79.5
130.5, -40.5
130.5, -39.0
130.5, 13.5
130.5, 15.0
130.5, 16.5
130.5, 78.0
130.5, 79.5
132.0, -40.5
132.0, -39.0
132.0, 13.5
132.0, 15.0
132.0, 16.5
132.0, 78.0
132.0, 79.5
133.5, -40.5
133.5, -39.0
133.5, 13.5
133.5, 15.0
133.5, 16.5
133.5, 78.0
133.5, 79.5
135.0, -40.5
135.0, -39.0
135.0, 13.5
135.0, 15.0
135.0, 16.5
135.0, 78.0
135.0, 79.5
136.5, -40.5
136.5, -39.0
136.5, 13.5
136.5, 15.0
136.5, 16.5
136.5, 78.0
136.5, 79.5
138.0, -40.5
138.0, -39.0
138.0, 13.5
138.0, 15.0
138.0, 16.5
138.0, 78.0
138.0, 79.5
139.5, -40.5
139.5, -39.0
139.5, 13.5
139.5, 15.0
139.5, 16.5
139.5, 78.0
139.5, 79.5
141.0, -40.5
141.0, -39.0
141.0, 13.5
141.0, 15.0
141.0, 16.5
141.0, 78.0
141.0, 79.5
142.5, -40.5
142.5, -39.0
142.5, 13.5
142.5, 15.0
142.5, 16.5
142.5, 78.0
142.5, 79.5
144.0, -40.5
144.0, -39.0
144.0, 13.5
144.0, 15.0
144.0, 16.5
144.0, 78.0
144.0, 79.5
145.5, -40.5
145.5, -39.0
145.5, 13.5
145.5, 15.0
145.5, 16.5
145.5, 18.0
145.5, 76.5
145.5, 78.0
145.5, 79.5
147.0, -40.5
147.0, -39.0
147.0, 13.5
147.0, 15.0
147.0, 16.5
147.0, 18.0
147.0, 19.5
147.0, 21.0
147.0, 22.5
147.0, 24.0
147.0, 25.5
147.0, 27.0
147.0, 28.5
147.0, 30.0
147.0, 31.5
147.0, 33.0
147.0, 34.5
147.0, 36.0
147.0, 37.5
147.0, 39.0
147.0, 40.5
147.0, 42.0
147.0, 43.5
147.0, 45.0
147.0, 46.5
147.0, 48.0
147.0, 49.5
147.0, 51.0
147.0, 52.5
147.0, 54.0
147.0, 55.5
147.0, 57.0
147.0, 58.5
147.0, 60.0
147.0, 61.5
147.0, 63.0
147.0, 64.5
147.0, 66.0
147.0, 67.5
147.0, 69.0
147.0, 70.5
147.0, 72.0
147.0, 73.5
147.0, 75.0
147.0, 76.5
147.0, 78.0
147.0, 79.5
148.5, -40.5
148.5, -39.0
148.5, 13.5
148.5, 15.0
148.5, 16.5
148.5, 18.0
148.5, 76.5
148.5, 78.0
148.5, 79.5
150.0, -40.5
150.0, -39.0
150.0, 13.5
150.0, 15.0
150.0, 16.5
150.0, 78.0
150.0, 79.5
151.5, -40.5
151.5, -39.0
151.5, 13.5
151.5, 15.0
151.5, 16.5
151.5, 78.0
151.5, 79.5
153.0, -40.5
153.0, -39.0
153.0, 13.5
153.0, 15.0
153.0, 16.5
153.0, 78.0
153.0, 79.5
154.5, -40.5
154.5, -39.0
154.5, 13.5
154.5, 15.0
154.5, 16.5
154.5, 78.0
154.5, 79.5
156.0, -40.5
156.0, -39.0
156.0, 13.5
156.0, 15.0
156.0, 16.5
156.0, 78.0
156.0, 79.5
157.5, -40.5
157.5, -39.0
157.5, 13.5
157.5, 15.0
157.5, 16.5
157.5, 78.0
157.5, 79.5
159.0, -40.5
159.0, -39.0
159.0, 13.5
159.0, 15.0
159.0, 16.5
159.0, 78.0
159.0, 79.5
160.5, -40.5
160.5, -39.0
160.5, 13.5
160.5, 15.0
160.5, 16.5
160.5, 78.0
160.5, 79.5
162.0, -40.5
162.0, -39.0
162.0, 13.5
162.0, 15.0
162.0, 16.5
162.0, 78.0
162.0, 79.5
163.5, -40.5
163.5, -39.0
163.5, 13.5
163.5, 15.0
163.5, 16.5
163.5, 78.0
163.5, 79.5
165.0, -40.5
165.0, -39.0
165.0, 13.5
165.0, 15.0
165.0, 16.5
165.0, 78.0
165.0, 79.5
166.5, -40.5
166.5, -39.0
166.5, 13.5
166.5, 15.0
166.5, 16.5
166.5, 78.0
166.5, 79.5
168.0, -40.5
168.0, -39.0
168.0, 13.5
168.0, 15.0
168.0, 16.5
168.0, 78.0
168.0, 79.5
169.5, -40.5
169.5, -39.0
169.5, 13.5
169.5, 15.0
169.5, 16.5
169.5, 78.0
169.5, 79.5
171.0, -40.5
171.0, -39.0
171.0, 13.5
171.0, 15.0
171.0, 16.5
171.0, 78.0
171.0, 79.5
172.5, -40.5
172.5, -39.0
172.5, 13.5
172.5, 15.0
172.5, 16.5
172.5, 78.0
172.5, 79.5
174.0, -42.0
174.0, -40.5
174.0, -39.0
174.0, 13.5
174.0, 15.0
174.0, 16.5
174.0, 78.0
174.0, 79.5
175.5, -130.5
175.5, -129.0
175.5, -127.5
175.5, -126.0
175.5, -124.5
175.5, -123.0
175.5, -121.5
175.5, -120.0
175.5, -118.5
175.5, -117.0
175.5, -115.5
175.5, -114.0
175.5, -112.5
175.5, -111.0
175.5, -109.5
175.5, -108.0
175.5, -106.5
175.5, -105.0
175.5, -103.5
175.5, -102.0
175.5, -100.5
175.5, -99.0
175.5, -97.5
175.5, -96.0
175.5, -94.5
175.5, -93.0
175.5, -91.5
175.5, -90.0
175.5, -88.5
175.5, -87.0
175.5, -85.5
175.5, -84.0
175.5, -82.5
175.5, -81.0
175.5, -79.5
175.5, -78.0
175.5, -76.5
175.5, -75.0
175.5, -73.5
175.5, -72.0
175.5, -70.5
175.5, -69.0
175.5, -67.5
175.5, -66.0
175.5, -64.5
175.5, -63.0
175.5, -61.5
175.5, -60.0
175.5, -58.5
175.5, -57.0
175.5, -55.5
175.5, -54.0
175.5, -52.5
175.5, -51.0
175.5, -49.5
175.5, -48.0
175.5, -46.5
175.5, -45.0
175.5, -43.5
175.5, -42.0
175.5, -40.5
175.5, -39.0
175.5, -37.5
175.5, 12.0
175.5, 13.5
175.5, 15.0
175.5, 16.5
175.5, 18.0
175.5, 76.5
175.5, 78.0
175.5, 79.5
175.5, 81.0
177.0, -130.5
177.0, -129.0
177.0, -127.5
177.0, -126.0
177.0, -124.5
177.0, -123.0
177.0, -121.5
177.0, -120.0
177.0, -118.5
177.0, -117.0
177.0, -115.5
177.0, -114.0
177.0, -112.5
177.0, -111.0
177.0, -109.5
177.0, -108.0
177.0, -106.5
177.0, -105.0
177.0, -103.5
177.0, -102.0
177.0, -100.5
177.0, -99.0
177.0, -97.5
177.0, -96.0
177.0, -94.5
177.0, -93.0
177.0, -91.5
177.0, -90.0
177.0, -88.5
177.0, -87.0
177.0, -85.5
177.0, -84.0
177.0, -82.5
177.0, -81.0
177.0, -79.5
177.0, -78.0
177.0, -76.5
177.0, -75.0
177.0, -73.5
177.0, -72.0
177.0, -70.5
177.0, -69.0
177.0, -67.5
177.0, -66.0
177.0, -64.5
177.0, -63.0
177.0, -61.5
177.0, -60.0
177.0, -58.5
177.0, -57.0
177.0, -55.5
177.0, -54.0
177.0, -52.5
177.0, -51.0
177.0, -49.5
177.0, -48.0
177.0, -46.5
177.0, -45.0
177.0, -43.5
177.0, -42.0
177.0, -40.5
177.0, -39.0
177.0, -37.5
177.0, -36.0
177.0, -34.5
177.0, -33.0
177.0, -31.5
177.0, -30.0
177.0, -28.5
177.0, -27.0
177.0, -25.5
177.0, -24.0
177.0, -22.5
177.0, -21.0
177.0, -19.5
177.0, -18.0
177.0, -16.5
177.0, -15.0
177.0, -13.5
177.0, -12.0
177.0, -10.5
177.0, -9.0
177.0, -7.5
177.0, -6.0
177.0, -4.5
177.0, -3.0
177.0, -1.5
177.0, 0.0
177.0, 1.5
177.0, 3.0
177.0, 4.5
177.0, 6.0
177.0, 7.5
177.0, 9.0
177.0, 10.5
177.0, 12.0
177.0, 13.5
177.0, 15.0
177.0, 16.5
177.0, 18.0
177.0, 19.5
177.0, 21.0
177.0, 22.5
177.0, 24.0
177.0, 25.5
177.0, 27.0
177.0, 28.5
177.0, 30.0
177.0, 31.5
177.0, 33.0
177.0, 34.5
177.0, 36.0
177.0, 37.5
177.0, 39.0
177.0, 40.5
177.0, 42.0
177.0, 43.5
177.0, 45.0
177.0, 46.5
177.0, 48.0
177.0, 49.5
177.0, 51.0
177.0, 52.5
177.0, 54.0
177.0, 55.5
177.0, 57.0
177.0, 58.5
177.0, 60.0
177.0, 61.5
177.0, 63.0
177.0, 64.5
177.0, 66.0
177.0, 67.5
177.0, 69.0
177.0, 70.5
177.0, 72.0
177.0, 73.5
177.0, 75.0
177.0, 76.5
177.0, 78.0
177.0, 79.5
177.0, 81.0
177.0, 82.5
177.0, 84.0
177.0, 85.5
177.0, 87.0
177.0, 88.5
177.0, 90.0
177.0, 91.5
177.0, 93.0
177.0, 94.5
177.0, 96.0
177.0, 97.5
177.0, 99.0
177.0, 100.5
177.0, 102.0
177.0, 103.5
177.0, 105.0
177.0, 106.5
177.0, 108.0
177.0, 109.5
177.0, 111.0
177.0, 112.5
177.0, 114.0
177.0, 115.5
177.0, 117.0
177.0, 118.5
177.0, 120.0
177.0, 121.5
177.0, 123.0
177.0, 124.5
177.0, 126.0
177.0, 127.5
177.0, 129.0
177.0, 130.5
178.5, -105.0
178.5, -103.5
178.5, -102.0
178.5, -100.5
178.5, -45.0
178.5, -43.5
178.5, -42.0
178.5, -40.5
178.5, -39.0
178.5, -37.5
178.5, -36.0
178.5, -34.5
178.5, -33.0
178.5, -31.5
178.5, -30.0
178.5, -28.5
178.5, -27.0
178.5, -25.5
178.5, -24.0
178.5, -22.5
178.5, -21.0
178.5, -19.5
178.5, -18.0
178.5, -16.5
178.5, -15.0
178.5, -13.5
178.5, -12.0
178.5, -10.5
178.5, -9.0
178.5, -7.5
178.5, -6.0
178.5, -4.5
178.5, -3.0
178.5, -1.5
178.5, 0.0
178.5, 1.5
178.5, 3.0
178.5, 4.5
178.5, 6.0
178.5, 7.5
178.5, 9.0
178.5, 10.5
178.5, 12.0
178.5, 13.5
178.5, 15.0
178.5, 16.5
178.5, 18.0
178.5, 19.5
178.5, 21.0
178.5, 22.5
178.5, 24.0
178.5, 25.5
178.5, 27.0
178.5, 28.5
178.5, 30.0
178.5, 31.5
178.5, 33.0
178.5, 34.5
178.5, 36.0
178.5, 37.5
178.5, 39.0
178.5, 40.5
178.5, 42.0
178.5, 43.5
178.5, 45.0
178.5, 46.5
178.5, 48.0
178.5, 49.5
178.5, 51.0
178.5, 52.5
178.5, 54.0
178.5, 55.5
178.5, 57.0
178.5, 58.5
178.5, 60.0
178.5, 61.5
178.5, 63.0
178.5, 64.5
178.5, 66.0
178.5, 97.5
178.5, 99.0
178.5, 100.5
178.5, 102.0
180.0, -103.5
180.0, -102.0
180.0, -43.5
180.0, -42.0
180.0, -40.5
180.0, -39.0
180.0, 15.0
180.0, 16.5
180.0, 18.0
180.0, 19.5
180.0, 21.0
180.0, 22.5
180.0, 63.0
180.0, 64.5
180.0, 99.0
180.0, 100.5
181.5, -103.5
181.5, -102.0
181.5, -43.5
181.5, -42.0
181.5, -40.5
181.5, 16.5
181.5, 18.0
181.5, 19.5
181.5, 21.0
181.5, 64.5
181.5, 99.0
181.5, 100.5
183.0, -103.5
183.0, -102.0
183.0, -45.0
183.0, -43.5
183.0, -42.0
183.0, -40.5
183.0, 16.5
183.0, 18.0
183.0, 19.5
183.0, 21.0
183.0, 64.5
183.0, 99.0
183.0, 100.5
184.5, -103.5
184.5, -102.0
184.5, -45.0
184.5, -43.5
184.5, -42.0
184.5, 18.0
184.5, 19.5
184.5, 21.0
184.5, 22.5
184.5, 64.5
184.5, 99.0
184.5, 100.5
186.0, -103.5
186.0, -102.0
186.0, -46.5
186.0, -45.0
186.0, -43.5
186.0, -42.0
186.0, 19.5
186.0, 21.0
186.0, 22.5
186.0, 24.0
186.0, 64.5
186.0, 99.0
186.0, 100.5
187.5, -103.5
187.5, -102.0
187.5, -46.5
187.5, -45.0
187.5, -43.5
187.5, 21.0
187.5, 22.5
187.5, 24.0
187.5, 25.5
187.5, 64.5
187.5, 99.0
187.5, 100.5
189.0, -103.5
189.0, -102.0
189.0, -48.0
189.0, -46.5
189.0, -45.0
189.0, -43.5
189.0, 22.5
189.0, 24.0
189.0, 25.5
189.0, 27.0
189.0, 64.5
189.0, 99.0
189.0, 100.5
190.5, -103.5
190.5, -102.0
190.5, -48.0
190.5, -46.5
190.5, -45.0
190.5, 22.5
190.5, 24.0
190.5, 25.5
190.5, 27.0
190.5, 64.5
190.5, 99.0
190.5, 100.5
192.0, -103.5
192.0, -102.0
192.0, -49.5
192.0, -48.0
192.0, -46.5
192.0, -45.0
192.0, 24.0
192.0, 25.5
192.0, 27.0
192.0, 28.5
192.0, 64.5
192.0, 99.0
192.0, 100.5
193.5, -103.5
193.5, -102.0
193.5, -49.5
193.5, -48.0
193.5, -46.5
193.5, 25.5
193.5, 27.0
193.5, 28.5
193.5, 30.0
193.5, 64.5
193.5, 99.0
193.5, 100.5
195.0, -103.5
195.0, -102.0
195.0, -51.0
195.0, -49.5
195.0, -48.0
195.0, -46.5
195.0, 27.0
195.0, 28.5
195.0, 30.0
195.0, 31.5
195.0, 64.5
195.0, 99.0
195.0, 100.5
196.5, -103.5
196.5, -102.0
196.5, -51.0
196.5, -49.5
196.5, -48.0
196.5, 28.5
196.5, 30.0
196.5, 31.5
196.5, 33.0
196.5, 64.5
196.5, 99.0
196.5, 100.5
198.0, -103.5
198.0, -102.0
198.0, -52.5
198.0, -51.0
198.0, -49.5
198.0, -48.0
198.0, 30.0
198.0, 31.5
198.0, 33.0
198.0, 34.5
198.0, 64.5
198.0, 99.0
198.0, 100.5
199.5, -103.5
199.5, -102.0
199.5, -52.5
199.5, -51.0
199.5, -49.5
199.5, 30.0
199.5, 31.5
199.5, 33.0
199.5, 34.5
199.5, 64.5
199.5, 99.0
199.5, 100.5
201.0, -103.5
201.0, -102.0
201.0, -54.0
201.0, -52.5
201.0, -51.0
201.0, -49.5
201.0, 31.5
201.0, 33.0
201.0, 34.5
201.0, 36.0
201.0, 64.5
201.0, 99.0
201.0, 100.5
202.5, -103.5
202.5, -102.0
202.5, -54.0
202.5, -52.5
202.5, -51.0
202.5, 33.0
202.5, 34.5
202.5, 36.0
202.5, 37.5
202.5, 64.5
202.5, 99.0
202.5, 100.5
204.0, -103.5
204.0, -102.0
204.0, -55.5
204.0, -54.0
204.0, -52.5
204.0, -51.0
204.0, 34.5
204.0, 36.0
204.0, 37.5
204.0, 39.0
204.0, 64.5
204.0, 99.0
204.0, 100.5
205.5, -103.5
205.5, -102.0
205.5, -55.5
205.5, -54.0
205.5, -52.5
205.5, 36.0
205.5, 37.5
205.5, 39.0
205.5, 40.5
205.5, 64.5
205.5, 99.0
205.5, 100.5
207.0, -103.5
207.0, -102.0
207.0, -57.0
207.0, -55.5
207.0, -54.0
207.0, -52.5
207.0, 36.0
207.0, 37.5
207.0, 39.0
207.0, 40.5
207.0, 64.5
207.0, 99.0
207.0, 100.5
208.5, -103.5
208.5, -102.0
208.5, -57.0
208.5, -55.5
208.5, -54.0
208.5, 37.5
208.5, 39.0
208.5, 40.5
208.5, 42.0
208.5, 64.5
208.5, 99.0
208.5, 100.5
210.0, -103.5
210.0, -102.0
210.0, -58.5
210.0, -57.0
210.0, -55.5
210.0, -54.0
210.0, 39.0
210.0, 40.5
210.0, 42.0
210.0, 43.5
210.0, 64.5
210.0, 99.0
210.0, 100.5
211.5, -103.5
211.5, -102.0
211.5, -58.5
211.5, -57.0
211.5, -55.5
211.5, 40.5
211.5, 42.0
211.5, 43.5
211.5, 45.0
211.5, 64.5
211.5, 99.0
211.5, 100.5
213.0, -103.5
213.0, -102.0
213.0, -60.0
213.0, -58.5
213.0, -57.0
213.0, -55.5
213.0, 42.0
213.0, 43.5
213.0, 45.0
213.0, 46.5
213.0, 64.5
213.0, 99.0
213.0, 100.5
214.5, -103.5
214.5, -102.0
214.5, -60.0
214.5, -58.5
214.5, -57.0
214.5, 42.0
214.5, 43.5
214.5, 45.0
214.5, 46.5
214.5, 64.5
214.5, 99.0
214.5, 100.5
216.0, -103.5
216.0, -102.0
216.0, -61.5
216.0, -60.0
216.0, -58.5
216.0, -57.0
216.0, 43.5
216.0, 45.0
216.0, 46.5
216.0, 48.0
216.0, 64.5
216.0, 99.0
216.0, 100.5
217.5, -103.5
217.5, -102.0
217.5, -61.5
217.5, -60.0
217.5, -58.5
217.5, 45.0
217.5, 46.5
217.5, 48.0
217.5, 49.5
217.5, 64.5
217.5, 99.0
217.5, 100.5
219.0, -103.5
219.0, -102.0
219.0, -63.0
219.0, -61.5
219.0, -60.0
219.0, 46.5
219.0, 48.0
219.0, 49.5
219.0, 51.0
219.0, 64.5
219.0, 99.0
219.0, 100.5
220.5, -103.5
220.5, -102.0
220.5, -63.0
220.5, -61.5
220.5, -60.0
220.5, 48.0
220.5, 49.5
220.5, 51.0
220.5, 52.5
220.5, 64.5
220.5, 99.0
220.5, 100.5
222.0, -103.5
222.0, -102.0
222.0, -64.5
222.0, -63.0
222.0, -61.5
222.0, 48.0
222.0, 49.5
222.0, 51.0
222.0, 52.5
222.0, 54.0
222.0, 64.5
222.0, 99.0
222.0, 100.5
223.5, -103.5
223.5, -102.0
223.5, -64.5
223.5, -63.0
223.5, -61.5
223.5, 49.5
223.5, 51.0
223.5, 52.5
223.5, 54.0
223.5, 64.5
223.5, 99.0
223.5, 100.5
225.0, -103.5
225.0, -102.0
225.0, -66.0
225.0, -64.5
225.0, -63.0
225.0, 51.0
225.0, 52.5
225.0, 54.0
225.0, 55.5
225.0, 64.5
225.0, 99.0
225.0, 100.5
226.5, -103.5
226.5, -102.0
226.5, -66.0
226.5, -64.5
226.5, -63.0
226.5, 52.5
226.5, 54.0
226.5, 55.5
226.5, 57.0
226.5, 64.5
226.5, 99.0
226.5, 100.5
228.0, -103.5
228.0, -102.0
228.0, -67.5
228.0, -66.0
228.0, -64.5
228.0, 54.0
228.0, 55.5
228.0, 57.0
228.0, 58.5
228.0, 64.5
228.0, 99.0
228.0, 100.5
